[        642         344];[        685         307];[        596         311];[        747         327];[        544         338];[        849         552];[        425         548];[        908         719];[        311         711];[        814         690];[        373         687];[        738         723];[        497         720];[        692         640];[        542         646];[        625         651];[        569         655];
[        641         343];[        685         307];[        597         310];[        745         328];[        548         336];[        851         554];[        427         547];[        908         721];[        302         714];[        810         689];[        386         681];[        737         724];[        497         721];[        691         639];[        542         646];[        625         651];[        570         655];
[        642         343];[        685         306];[        596         310];[        745         327];[        544         337];[        848         552];[        427         545];[        907         718];[        307         711];[        810         687];[        378         684];[        738         722];[        497         719];[        693         641];[        542         649];[        625         651];[        569         656];
[        640         343];[        684         307];[        596         311];[        744         328];[        548         336];[        849         553];[        428         546];[        904         718];[        309         710];[        800         684];[        372         685];[        737         723];[        498         719];[        692         639];[        540         646];[        625         651];[        569         656];
[        640         343];[        684         306];[        596         310];[        747         327];[        547         336];[        852         554];[        428         546];[        908         719];[        304         712];[        811         688];[        368         685];[        739         723];[        497         720];[        693         640];[        542         647];[        627         651];[        570         656];
[        641         343];[        684         306];[        596         310];[        745         325];[        548         336];[        850         553];[        427         547];[        908         718];[        309         711];[        814         688];[        369         686];[        737         723];[        496         720];[        691         640];[        541         647];[        625         651];[        569         655];
[        640         343];[        683         306];[        595         310];[        745         326];[        543         337];[        850         554];[        426         548];[        906         719];[        307         713];[        809         685];[        395         683];[        737         722];[        497         719];[        692         640];[        543         646];[        626         651];[        570         655];
[        640         343];[        683         307];[        595         311];[        743         326];[        545         337];[        850         552];[        427         546];[        909         718];[        307         710];[        815         689];[        380         683];[        738         723];[        498         720];[        693         641];[        542         648];[        626         651];[        570         655];
[        639         343];[        683         305];[        594         310];[        746         327];[        544         338];[        852         554];[        426         549];[        906         719];[        307         712];[        808         687];[        392         682];[        740         723];[        498         720];[        695         639];[        545         645];[        628         650];[        571         655];
[        639         343];[        683         307];[        595         311];[        744         328];[        549         337];[        851         553];[        428         546];[        906         719];[        306         710];[        805         687];[        391         683];[        739         723];[        499         720];[        692         640];[        543         647];[        626         651];[        571         656];
[        640         342];[        683         306];[        595         310];[        741         327];[        545         336];[        850         554];[        424         547];[        905         719];[        315         707];[        806         686];[        367         688];[        738         723];[        497         720];[        693         639];[        541         646];[        626         652];[        568         657];
[        638         340];[        682         305];[        595         309];[        743         328];[        546         335];[        851         556];[        425         548];[        905         721];[        307         713];[        801         685];[        393         681];[        736         723];[        495         720];[        690         638];[        541         644];[        623         651];[        568         656];
[        638         339];[        682         305];[        595         307];[        741         331];[        543         336];[        851         554];[        425         547];[        905         718];[        313         706];[        802         686];[        348         694];[        738         723];[        497         719];[        691         640];[        539         646];[        623         652];[        566         657];
[        639         340];[        683         305];[        595         308];[        743         328];[        543         336];[        850         553];[        422         548];[        904         721];[        305         714];[        802         686];[        393         680];[        737         723];[        495         721];[        689         639];[        542         645];[        621         651];[        568         655];
[        639         341];[        682         305];[        594         309];[        743         325];[        543         335];[        845         547];[        424         546];[        911         720];[        306         712];[        830         704];[        385         684];[        735         725];[        495         722];[        691         640];[        542         647];[        624         652];[        569         656];
[        641         341];[        685         304];[        595         309];[        744         327];[        543         336];[        842         540];[        431         546];[        930         707];[        321         707];[       1049         700];[        408         687];[        789         717];[        537         725];[        946         646];[        642         652];[        910         679];[        683         659];
[        639         339];[        682         305];[        594         308];[        740         328];[        541         336];[        848         545];[        423         546];[        931         713];[        311         706];[        886         699];[        372         692];[        741         723];[        498         721];[        704         641];[        546         648];[        633         653];[        574         655];
[        641         337];[        683         302];[        595         307];[        739         323];[        541         335];[        852         540];[        432         545];[        996         712];[        318         710];[       1079         553];[        401         679];[        784         726];[        532         728];[        813         637];[        604         643];[        769         654];[        663         643];
[        640         335];[        682         301];[        595         306];[        737         324];[        540         335];[        858         538];[        429         545];[       1049         713];[        307         717];[       1031         450];[        380         699];[        779         734];[        520         733];[        789         640];[        589         646];[        715         645];[        645         643];
[        640         335];[        683         301];[        596         306];[        741         322];[        543         333];[        858         533];[        427         547];[       1083         714];[        321         719];[       1075         425];[        409         677];[        786         733];[        523         734];[        802         639];[        592         640];[        747         652];[        658         634];
[        643         336];[        685         301];[        597         306];[        743         323];[        546         333];[        855         530];[        431         544];[       1084         708];[        318         714];[       1086         403];[        395         682];[        786         732];[        525         732];[        809         639];[        596         640];[        754         652];[        662         634];
[        643         335];[        686         301];[        598         306];[        742         323];[        544         333];[        856         529];[        428         544];[       1098         699];[        317         712];[       1089         372];[        396         683];[        785         730];[        521         730];[        814         639];[        596         639];[        757         650];[        662         630];
[        643         335];[        687         301];[        597         304];[        743         323];[        543         333];[        857         526];[        427         544];[       1110         691];[        317         714];[       1090         346];[        401         682];[        788         728];[        523         730];[        820         639];[        598         638];[        760         648];[        665         628];
[        643         335];[        687         300];[        597         304];[        744         322];[        542         333];[        858         525];[        427         544];[       1120         689];[        315         710];[       1091         333];[        391         680];[        787         727];[        522         728];[        817         636];[        597         634];[        758         645];[        664         624];
[        643         335];[        688         300];[        597         304];[        748         326];[        543         335];[        856         525];[        426         544];[       1117         685];[        314         711];[       1091         330];[        394         682];[        785         725];[        519         727];[        816         634];[        595         633];[        758         644];[        662         622];
[        643         334];[        686         299];[        597         303];[        745         323];[        541         335];[        853         526];[        431         543];[       1118         685];[        327         702];[       1088         326];[        407         657];[        785         722];[        525         720];[        820         620];[        584         617];[        751         626];[        650         598];
[        644         334];[        686         299];[        598         304];[        742         321];[        540         336];[        853         527];[        430         543];[       1119         683];[        327         700];[       1083         327];[        404         655];[        785         722];[        525         719];[        820         619];[        585         616];[        752         626];[        652         597];
[        644         334];[        687         299];[        598         303];[        746         325];[        543         335];[        855         527];[        433         543];[       1120         684];[        325         704];[       1082         328];[        408         659];[        786         721];[        526         719];[        818         618];[        585         616];[        751         625];[        652         598];
[        644         334];[        687         299];[        598         303];[        745         318];[        541         333];[        855         526];[        432         543];[       1124         681];[        326         701];[       1081         326];[        403         659];[        785         723];[        525         720];[        819         619];[        584         617];[        751         626];[        649         598];
[        644         334];[        687         299];[        599         302];[        745         319];[        542         332];[        852         526];[        432         541];[       1117         681];[        326         701];[       1077         325];[        402         657];[        781         721];[        523         718];[        816         618];[        581         614];[        750         625];[        644         596];
[        644         334];[        688         299];[        598         302];[        745         323];[        539         334];[        854         526];[        430         543];[       1125         681];[        325         701];[       1079         324];[        404         657];[        786         721];[        525         718];[        816         618];[        581         616];[        752         624];[        648         595];
[        644         333];[        688         299];[        598         302];[        749         325];[        536         336];[        854         526];[        430         544];[       1118         683];[        328         701];[       1078         323];[        407         657];[        785         720];[        525         718];[        817         618];[        586         615];[        747         623];[        650         594];
[        643         333];[        688         299];[        598         302];[        748         326];[        541         334];[        856         528];[        430         544];[       1124         680];[        328         701];[       1076         321];[        407         654];[        786         721];[        525         719];[        818         618];[        583         615];[        750         624];[        651         596];
[        644         334];[        688         299];[        598         302];[        749         326];[        538         335];[        856         528];[        429         544];[       1129         677];[        327         700];[       1076         321];[        403         655];[        786         722];[        524         720];[        818         618];[        582         615];[        749         623];[        650         594];
[        643         333];[        687         298];[        599         301];[        748         325];[        541         334];[        854         526];[        431         543];[       1120         682];[        324         703];[       1075         319];[        404         658];[        785         720];[        525         717];[        816         617];[        584         614];[        747         624];[        649         595];
[        643         333];[        687         299];[        597         301];[        747         328];[        536         335];[        854         527];[        429         544];[       1125         683];[        326         701];[       1077         321];[        406         658];[        785         721];[        524         719];[        818         620];[        583         616];[        748         625];[        651         596];
[        644         334];[        687         298];[        598         301];[        743         322];[        539         333];[        854         526];[        430         544];[       1127         679];[        326         700];[       1073         316];[        402         659];[        785         720];[        525         718];[        818         618];[        583         614];[        749         624];[        650         593];
[        643         332];[        686         298];[        597         301];[        742         323];[        539         335];[        854         527];[        431         544];[       1125         682];[        326         700];[       1077         323];[        405         656];[        787         722];[        527         719];[        821         619];[        585         615];[        751         625];[        653         597];
[        643         332];[        687         298];[        597         301];[        743         325];[        537         336];[        853         527];[        430         543];[       1122         682];[        326         702];[       1078         324];[        407         661];[        786         721];[        526         719];[        822         620];[        588         617];[        750         626];[        655         599];
[        643         332];[        687         298];[        597         300];[        745         324];[        538         335];[        854         527];[        431         543];[       1123         682];[        327         700];[       1081         329];[        403         660];[        786         722];[        526         719];[        818         621];[        584         618];[        751         626];[        650         599];
[        644         331];[        689         297];[        597         301];[        747         324];[        540         333];[        856         526];[        425         544];[       1101         693];[        320         715];[       1081         335];[        402         680];[        785         729];[        520         730];[        815         640];[        597         636];[        752         648];[        663         627];
[        642         332];[        687         298];[        597         301];[        744         325];[        545         332];[        853         527];[        427         545];[       1077         697];[        319         716];[       1074         365];[        403         679];[        782         730];[        521         731];[        806         640];[        589         637];[        743         650];[        654         627];
[        640         332];[        683         299];[        594         302];[        737         323];[        539         331];[        849         532];[        426         546];[       1027         698];[        311         716];[       1027         407];[        364         699];[        773         726];[        518         729];[        781         634];[        587         643];[        701         642];[        633         641];
[        634         332];[        676         299];[        590         302];[        732         322];[        540         330];[        841         538];[        425         545];[        948         709];[        311         710];[        948         673];[        366         693];[        748         723];[        503         724];[        724         635];[        548         642];[        644         643];[        577         649];
[        628         332];[        671         299];[        583         303];[        730         323];[        534         334];[        836         535];[        423         543];[        928         712];[        311         706];[        885         701];[        352         692];[        738         723];[        498         722];[        697         638];[        543         647];[        628         653];[        573         657];
[        626         332];[        668         298];[        580         305];[        728         319];[        534         335];[        834         536];[        424         544];[        909         711];[        311         705];[        856         696];[        363         690];[        734         722];[        499         721];[        690         639];[        537         647];[        624         650];[        568         653];
[        626         332];[        667         299];[        581         306];[        727         324];[        535         338];[        839         538];[        423         545];[        915         718];[        308         708];[        841         696];[        355         693];[        737         725];[        498         723];[        686         641];[        536         648];[        619         653];[        567         657];
