[        635         341];[        677         304];[        591         312];[        743         325];[        544         343];[        855         551];[        432         549];[        921         722];[        302         709];[        820         691];[        361         687];[        741         724];[        499         721];[        688         641];[        536         646];[        622         652];[        566         655];
[        636         341];[        678         304];[        591         311];[        740         323];[        544         342];[        854         549];[        432         549];[        921         722];[        303         713];[        822         690];[        373         683];[        742         724];[        501         722];[        690         639];[        539         644];[        623         651];[        568         654];
[        637         339];[        678         304];[        593         311];[        740         324];[        544         340];[        853         551];[        431         550];[        920         722];[        295         714];[        813         687];[        369         679];[        741         724];[        499         721];[        689         637];[        537         642];[        623         650];[        566         654];
[        637         341];[        679         305];[        593         312];[        743         324];[        546         342];[        853         550];[        433         550];[        922         722];[        298         715];[        820         689];[        384         680];[        741         724];[        500         721];[        689         637];[        539         642];[        623         650];[        568         654];
[        638         341];[        681         304];[        594         312];[        744         325];[        548         342];[        855         549];[        434         549];[        925         722];[        297         714];[        836         694];[        367         682];[        744         726];[        503         723];[        692         639];[        540         645];[        624         651];[        568         655];
[        638         341];[        681         305];[        594         310];[        743         326];[        546         340];[        854         551];[        431         551];[        923         723];[        293         718];[        831         692];[        386         681];[        743         726];[        501         723];[        693         637];[        542         642];[        626         650];[        570         654];
[        639         340];[        681         304];[        595         310];[        743         325];[        548         341];[        854         549];[        433         549];[        922         722];[        296         713];[        828         691];[        380         682];[        742         725];[        501         722];[        692         639];[        540         645];[        625         650];[        569         654];
[        639         340];[        681         304];[        595         310];[        743         327];[        547         340];[        855         548];[        433         549];[        926         722];[        297         713];[        837         695];[        379         681];[        745         726];[        503         723];[        692         642];[        541         647];[        625         651];[        569         654];
[        639         339];[        682         304];[        596         311];[        745         326];[        548         341];[        856         550];[        434         549];[        927         723];[        295         716];[        841         696];[        381         680];[        744         726];[        502         723];[        691         640];[        541         644];[        624         651];[        569         654];
[        640         340];[        682         304];[        597         311];[        747         326];[        546         341];[        856         549];[        433         549];[        924         723];[        297         714];[        836         694];[        369         684];[        746         725];[        503         723];[        695         642];[        541         648];[        626         652];[        569         655];
[        641         338];[        684         303];[        597         309];[        747         326];[        549         340];[        856         549];[        432         551];[        926         722];[        307         712];[        838         694];[        375         694];[        745         726];[        502         723];[        694         643];[        541         649];[        626         653];[        569         657];
[        643         335];[        686         301];[        597         307];[        747         324];[        546         338];[        857         551];[        431         551];[        921         721];[        303         711];[        827         690];[        369         699];[        743         726];[        499         723];[        695         644];[        542         649];[        628         654];[        572         657];
[        645         331];[        687         299];[        599         304];[        744         325];[        545         336];[        857         551];[        427         553];[        922         720];[        308         714];[        828         689];[        384         699];[        745         725];[        501         723];[        699         643];[        548         649];[        629         654];[        577         658];
[        644         331];[        686         298];[        597         303];[        745         323];[        542         336];[        858         552];[        423         557];[        921         721];[        310         718];[        828         688];[        383         703];[        746         725];[        501         724];[        700         643];[        547         649];[        630         654];[        575         658];
[        644         333];[        687         299];[        597         304];[        745         324];[        547         336];[        857         548];[        422         554];[        921         719];[        331         696];[        859         711];[        392         684];[        759         721];[        517         723];[        723         639];[        573         645];[        670         652];[        623         653];
[        642         336];[        686         302];[        597         305];[        746         327];[        542         336];[        845         546];[        426         550];[        914         718];[        261         715];[        818         679];[        377         671];[        736         721];[        494         720];[        681         641];[        522         647];[        625         646];[        560         650];
[        642         336];[        684         303];[        596         306];[        740         327];[        542         336];[        856         559];[        419         557];[        942         694];[        257         715];[        925         701];[        381         678];[        754         728];[        495         727];[        761         636];[        531         647];[        680         641];[        565         647];
[        638         333];[        679         301];[        592         305];[        734         329];[        541         337];[        849         557];[        417         550];[        922         691];[        238         717];[        918         670];[        420         661];[        743         730];[        485         727];[        695         636];[        485         639];[        598         628];[        510         641];
[        636         328];[        676         297];[        590         301];[        731         328];[        538         337];[        844         551];[        422         545];[        920         701];[        243         712];[        896         642];[        468         626];[        749         731];[        498         727];[        702         631];[        484         637];[        600         622];[        511         636];
[        633         326];[        674         295];[        588         299];[        730         326];[        535         333];[        834         553];[        425         541];[        920         719];[        229         712];[        880         638];[        454         621];[        727         737];[        483         730];[        661         643];[        460         649];[        567         634];[        481         649];
[        633         325];[        673         295];[        588         299];[        729         326];[        536         334];[        829         546];[        432         533];[        917         715];[        291         701];[        872         634];[        478         610];[        724         736];[        483         727];[        661         650];[        429         659];[        559         643];[        419         665];
[        633         325];[        674         295];[        589         299];[        731         329];[        538         336];[        829         549];[        434         532];[        915         717];[        242         699];[        876         633];[        496         598];[        724         738];[        483         729];[        661         647];[        433         653];[        563         642];[        418         665];
[        635         324];[        676         293];[        591         297];[        732         323];[        541         332];[        833         548];[        432         529];[        911         718];[        200         711];[        884         640];[        507         586];[        729         741];[        483         733];[        671         645];[        443         651];[        576         637];[        453         653];
[        637         323];[        677         293];[        592         297];[        730         326];[        539         333];[        833         551];[        425         530];[        910         721];[        183         716];[        887         639];[        517         580];[        728         743];[        479         735];[        674         645];[        447         649];[        580         636];[        468         649];
[        638         324];[        678         293];[        593         297];[        734         325];[        543         331];[        841         551];[        429         528];[        907         705];[        181         711];[        901         664];[        516         584];[        739         741];[        485         734];[        691         645];[        432         653];[        594         636];[        461         652];
[        639         324];[        679         294];[        595         297];[        733         328];[        542         333];[        843         551];[        432         527];[        916         703];[        171         713];[        895         655];[        519         584];[        749         739];[        493         733];[        705         642];[        441         649];[        600         630];[        475         644];
[        640         324];[        680         294];[        595         297];[        734         325];[        544         330];[        837         549];[        429         525];[        908         715];[        166         712];[        893         656];[        517         585];[        735         740];[        484         733];[        673         644];[        423         653];[        582         635];[        462         649];
[        640         325];[        680         294];[        596         298];[        735         326];[        542         331];[        833         552];[        431         524];[        897         715];[        165         711];[        896         661];[        522         586];[        727         738];[        481         731];[        665         644];[        429         652];[        582         637];[        463         652];
[        641         325];[        681         294];[        596         298];[        736         326];[        541         333];[        840         550];[        429         527];[        907         708];[        165         714];[        894         662];[        520         586];[        740         740];[        485         734];[        689         644];[        434         651];[        588         635];[        463         649];
[        643         324];[        683         294];[        597         296];[        735         327];[        538         333];[        838         548];[        430         527];[        910         707];[        169         712];[        894         657];[        523         587];[        741         739];[        488         734];[        691         644];[        431         652];[        591         634];[        466         649];
[        642         324];[        683         293];[        597         296];[        736         326];[        542         331];[        839         549];[        429         526];[        904         706];[        167         711];[        899         663];[        519         587];[        737         740];[        486         733];[        677         644];[        438         652];[        586         636];[        467         651];
[        642         324];[        683         294];[        597         297];[        737         328];[        540         333];[        835         551];[        429         528];[        903         714];[        170         714];[        901         663];[        521         589];[        731         740];[        483         733];[        673         645];[        447         652];[        585         639];[        469         654];
[        642         325];[        683         294];[        597         297];[        736         326];[        546         330];[        839         549];[        433         526];[        902         705];[        173         711];[        903         670];[        516         593];[        737         739];[        489         733];[        680         644];[        443         652];[        588         636];[        470         652];
[        642         326];[        682         294];[        597         298];[        735         324];[        546         329];[        841         549];[        437         528];[        907         698];[        204         698];[        899         665];[        511         600];[        738         737];[        490         730];[        679         646];[        439         653];[        580         640];[        435         661];
[        643         326];[        683         295];[        597         298];[        737         326];[        542         332];[        842         547];[        431         534];[        901         696];[        231         695];[        910         684];[        502         615];[        738         733];[        489         726];[        672         644];[        444         652];[        568         640];[        435         659];
[        643         326];[        683         294];[        597         298];[        737         324];[        545         331];[        845         549];[        426         538];[        902         691];[        223         703];[        920         687];[        472         636];[        729         731];[        483         726];[        660         644];[        448         655];[        559         641];[        466         663];
[        643         325];[        684         294];[        598         298];[        739         327];[        546         332];[        853         551];[        421         547];[        910         696];[        242         700];[        909         703];[        430         663];[        746         726];[        490         722];[        706         643];[        458         654];[        620         641];[        480         657];
[        645         325];[        686         294];[        599         298];[        739         325];[        544         332];[        853         553];[        416         553];[        941         703];[        257         697];[        892         708];[        330         710];[        755         727];[        496         728];[        780         635];[        521         644];[        696         646];[        556         650];
[        643         326];[        685         295];[        597         299];[        741         324];[        545         332];[        846         545];[        421         547];[        916         717];[        264         700];[        848         709];[        412         718];[        737         728];[        493         725];[        682         647];[        518         653];[        620         654];[        557         658];
[        643         328];[        686         297];[        596         300];[        743         327];[        542         334];[        850         548];[        421         549];[        912         719];[        288         701];[        805         688];[        254         700];[        737         726];[        493         724];[        683         646];[        521         653];[        610         658];[        551         660];
[        644         328];[        686         298];[        598         301];[        743         327];[        539         335];[        852         548];[        422         550];[        919         720];[        296         704];[        832         695];[        286         703];[        742         726];[        497         724];[        687         646];[        530         652];[        613         656];[        557         659];
[        643         328];[        686         296];[        597         300];[        747         326];[        540         333];[        851         548];[        422         549];[        920         719];[        294         703];[        839         696];[        291         705];[        741         726];[        496         724];[        686         647];[        526         653];[        613         656];[        555         659];
[        644         327];[        686         296];[        598         300];[        745         326];[        540         336];[        851         549];[        424         548];[        918         720];[        294         706];[        831         691];[        349         694];[        740         724];[        495         722];[        687         646];[        531         652];[        616         653];[        560         657];
[        642         328];[        685         296];[        595         301];[        745         322];[        541         334];[        851         548];[        423         551];[        916         719];[        289         713];[        821         690];[        384         692];[        741         724];[        497         723];[        690         642];[        538         648];[        621         651];[        566         656];
[        638         334];[        680         300];[        594         307];[        743         321];[        545         337];[        852         550];[        426         553];[        916         720];[        296         715];[        821         690];[        364         687];[        741         724];[        499         722];[        687         640];[        538         646];[        619         651];[        566         655];
[        635         342];[        677         305];[        590         312];[        741         322];[        543         339];[        848         547];[        428         550];[        916         718];[        294         710];[        824         691];[        359         695];[        738         723];[        498         722];[        687         641];[        535         647];[        622         651];[        567         654];
[        632         350];[        677         311];[        585         318];[        739         327];[        538         341];[        848         549];[        425         554];[        919         720];[        299         713];[        825         691];[        376         686];[        739         723];[        499         722];[        692         638];[        541         644];[        625         650];[        572         654];
[        630         354];[        674         311];[        580         320];[        737         328];[        538         346];[        849         550];[        427         555];[        924         720];[        294         714];[        834         694];[        389         684];[        739         724];[        500         722];[        692         637];[        541         643];[        627         650];[        574         653];
[        628         357];[        673         313];[        578         322];[        735         327];[        535         346];[        848         551];[        425         555];[        921         718];[        298         712];[        835         696];[        366         689];[        739         723];[        500         722];[        694         637];[        539         644];[        628         650];[        573         655];
[        626         358];[        671         316];[        578         323];[        733         331];[        537         345];[        849         551];[        426         553];[        919         720];[        295         714];[        819         692];[        381         683];[        739         725];[        499         722];[        689         638];[        537         645];[        624         650];[        571         654];
[        624         359];[        668         317];[        577         324];[        732         329];[        536         345];[        847         551];[        424         555];[        914         720];[        294         715];[        816         691];[        379         683];[        737         724];[        498         722];[        687         637];[        537         643];[        624         650];[        570         654];
[        624         358];[        668         318];[        578         324];[        732         330];[        537         345];[        849         551];[        426         553];[        915         720];[        297         712];[        814         692];[        362         685];[        740         724];[        500         722];[        689         639];[        535         646];[        624         651];[        569         654];
[        625         357];[        669         315];[        577         324];[        734         328];[        535         346];[        848         550];[        426         552];[        914         721];[        294         713];[        813         691];[        365         685];[        738         725];[        499         723];[        687         640];[        537         646];[        622         651];[        570         655];
[        624         357];[        669         314];[        577         323];[        735         326];[        538         345];[        849         551];[        427         552];[        914         721];[        301         712];[        815         693];[        363         685];[        738         725];[        500         723];[        686         640];[        537         646];[        622         651];[        570         654];
[        625         357];[        668         313];[        577         323];[        734         327];[        538         345];[        849         550];[        429         550];[        916         720];[        302         710];[        816         694];[        353         688];[        740         724];[        501         722];[        688         641];[        537         647];[        623         651];[        570         655];
[        624         355];[        669         313];[        576         322];[        734         326];[        538         345];[        848         550];[        428         551];[        918         721];[        297         713];[        823         694];[        377         681];[        738         725];[        500         722];[        686         638];[        537         643];[        621         649];[        571         653];
[        624         355];[        668         312];[        576         322];[        736         325];[        537         345];[        850         551];[        428         552];[        917         721];[        297         715];[        820         693];[        389         678];[        739         725];[        500         722];[        687         638];[        538         643];[        623         649];[        572         653];
[        624         355];[        669         313];[        575         322];[        735         328];[        536         346];[        848         551];[        431         549];[        915         720];[        304         708];[        816         691];[        367         683];[        737         724];[        500         720];[        687         641];[        534         646];[        622         650];[        569         654];
[        624         355];[        668         312];[        576         323];[        735         323];[        536         345];[        851         552];[        427         554];[        917         722];[        296         715];[        819         693];[        384         678];[        739         725];[        500         723];[        687         637];[        537         642];[        622         649];[        570         653];
[        625         355];[        669         313];[        577         323];[        734         325];[        536         345];[        851         550];[        429         551];[        920         720];[        299         710];[        831         696];[        360         685];[        741         725];[        501         723];[        688         641];[        535         646];[        622         651];[        569         655];
[        626         356];[        669         314];[        579         324];[        734         327];[        539         348];[        848         551];[        429         551];[        913         720];[        299         710];[        809         691];[        378         682];[        736         724];[        498         721];[        685         639];[        534         645];[        620         650];[        569         653];
[        625         355];[        669         312];[        577         323];[        734         324];[        537         347];[        850         550];[        427         553];[        917         722];[        295         715];[        819         694];[        384         680];[        738         725];[        499         723];[        688         637];[        537         643];[        623         650];[        570         654];
[        626         355];[        669         313];[        578         323];[        733         325];[        538         346];[        850         552];[        427         552];[        918         723];[        300         712];[        821         696];[        371         684];[        737         726];[        498         723];[        685         639];[        535         645];[        621         651];[        569         655];
