[139 116];[141 114];[137 114];[142 113];[132 112];[145 124];[124 121];[147 138];[117 134];[143 150];[121 148];[140 152];[126 152];[146 170];[120 171];[146 191];[122 191];
[137 115];[139 113];[135 113];[142 113];[132 112];[146 124];[124 121];[148 139];[117 135];[142 150];[122 147];[141 153];[127 152];[148 170];[120 170];[147 191];[123 191];
[136 115];[138 112];[134 113];[142 113];[131 112];[147 123];[124 120];[150 138];[115 133];[142 146];[123 143];[141 151];[127 151];[148 170];[120 170];[147 191];[122 191];
[135 113];[137 111];[134 111];[141 111];[131 111];[147 121];[124 119];[151 135];[115 130];[143 143];[123 140];[141 149];[127 148];[148 169];[121 169];[147 191];[122 190];
[133 112];[135 110];[131 110];[140 109];[129 110];[147 119];[124 117];[153 132];[115 128];[143 140];[122 137];[141 148];[127 147];[148 169];[121 168];[147 191];[121 190];
[131 112];[133 110];[130 110];[138 108];[128 109];[147 117];[124 116];[153 131];[116 127];[142 139];[121 137];[141 146];[127 146];[146 168];[121 167];[147 191];[122 189];
[131 111];[132 109];[129 109];[138 107];[128 109];[147 117];[124 116];[154 130];[117 128];[142 139];[121 138];[142 146];[127 146];[145 168];[121 167];[147 191];[122 189];
[131 111];[133 109];[129 109];[137 107];[127 109];[147 117];[124 117];[153 130];[119 129];[142 140];[122 140];[141 147];[127 146];[145 169];[121 167];[148 191];[122 188];
[130 111];[132 108];[128 109];[136 107];[126 109];[146 117];[124 118];[151 131];[120 131];[142 143];[121 142];[141 147];[127 147];[145 168];[120 167];[148 191];[122 188];
[130 112];[132 109];[128 110];[136 108];[126 110];[145 118];[124 120];[150 132];[121 133];[140 144];[121 146];[142 148];[128 148];[145 169];[120 167];[147 191];[123 188];
[128 112];[130 110];[126 110];[134 108];[125 110];[144 118];[124 121];[148 133];[121 135];[139 146];[121 148];[142 148];[128 148];[145 169];[121 168];[147 191];[124 188];
[127 112];[129 110];[125 110];[134 108];[124 111];[143 118];[123 121];[147 134];[121 136];[139 147];[121 148];[142 148];[129 149];[146 168];[122 167];[148 190];[124 188];
[127 112];[129 110];[125 111];[133 108];[124 112];[142 118];[123 121];[148 133];[121 135];[139 144];[122 145];[142 147];[129 148];[146 168];[123 167];[148 190];[124 188];
[127 112];[129 109];[125 110];[133 109];[123 112];[142 118];[123 121];[150 131];[121 135];[138 141];[122 143];[142 148];[128 149];[146 168];[122 168];[148 190];[124 188];
[127 112];[129 109];[125 110];[133 109];[123 112];[142 118];[122 121];[152 130];[120 134];[141 140];[123 141];[142 148];[128 149];[146 169];[121 168];[148 190];[124 188];
[128 112];[129 109];[125 110];[133 109];[123 112];[142 119];[122 122];[152 130];[120 136];[144 141];[123 144];[141 149];[128 150];[146 169];[120 168];[148 190];[124 188];
[128 112];[129 110];[125 111];[133 110];[123 112];[142 120];[122 123];[152 131];[120 138];[146 143];[121 148];[141 151];[127 152];[145 171];[119 169];[148 191];[124 189];
[128 113];[130 111];[126 111];[134 111];[124 112];[142 121];[122 124];[151 133];[120 139];[147 145];[120 149];[141 152];[127 152];[144 171];[118 169];[147 191];[124 188];
[127 112];[129 110];[125 110];[134 110];[124 112];[142 121];[122 124];[151 132];[119 138];[146 144];[119 144];[140 151];[127 152];[144 170];[119 170];[147 191];[124 188];
[128 111];[130 109];[126 109];[134 110];[124 112];[142 120];[121 123];[151 131];[118 136];[144 141];[120 139];[140 150];[126 151];[144 170];[119 169];[147 190];[124 187];
[129 110];[131 108];[127 108];[134 109];[124 110];[141 119];[120 121];[151 130];[115 134];[143 138];[120 136];[139 148];[125 149];[144 168];[119 168];[147 189];[123 187];
[130 109];[132 106];[128 107];[135 107];[124 108];[141 117];[120 119];[150 128];[114 131];[141 136];[121 135];[139 147];[125 147];[145 167];[121 168];[147 189];[123 188];
[130 107];[132 105];[128 105];[135 106];[124 107];[141 116];[119 117];[150 126];[113 129];[141 134];[122 133];[139 146];[125 146];[145 166];[123 168];[147 188];[123 188];
[131 107];[133 105];[129 105];[135 106];[126 105];[141 115];[119 116];[149 125];[112 127];[141 133];[122 133];[139 144];[125 145];[145 165];[124 167];[146 187];[123 188];
[131 106];[133 104];[129 104];[135 105];[126 105];[141 115];[119 116];[149 126];[112 127];[140 135];[122 135];[139 144];[125 145];[145 165];[125 167];[146 186];[123 188];
[132 106];[134 104];[130 104];[136 106];[126 105];[141 116];[119 116];[148 127];[112 128];[141 138];[123 137];[139 146];[125 146];[144 166];[124 167];[146 186];[122 188];
[133 107];[135 105];[131 105];[137 106];[126 105];[141 117];[119 117];[147 130];[113 129];[142 141];[122 139];[139 146];[125 146];[144 166];[124 168];[145 187];[122 188];
[133 107];[135 105];[131 106];[137 107];[126 107];[141 119];[120 119];[146 132];[113 130];[143 143];[121 142];[139 148];[125 148];[144 168];[123 169];[146 187];[121 188];
[132 108];[134 106];[130 106];[137 108];[127 107];[141 119];[120 119];[146 133];[114 133];[143 145];[120 144];[138 149];[124 149];[143 168];[123 170];[145 187];[121 188];
[133 108];[135 106];[131 106];[138 108];[127 107];[142 120];[120 119];[146 133];[115 133];[144 145];[120 144];[138 148];[125 148];[143 167];[122 168];[145 187];[121 187];
[135 109];[137 107];[133 107];[138 108];[128 108];[142 120];[120 119];[146 133];[116 133];[143 144];[121 144];[138 148];[125 148];[144 167];[120 167];[146 186];[120 186];
[133 110];[135 108];[131 108];[138 109];[127 109];[143 121];[120 120];[146 134];[115 134];[144 145];[120 145];[138 149];[124 149];[144 167];[119 168];[148 186];[118 185];
[132 111];[134 109];[130 109];[137 110];[127 111];[143 122];[121 122];[147 136];[116 136];[146 149];[119 148];[138 150];[124 150];[145 168];[119 167];[150 186];[114 186];
[131 113];[133 111];[129 111];[137 112];[126 113];[142 125];[121 125];[148 138];[116 139];[149 151];[114 153];[138 150];[125 150];[144 169];[120 170];[152 186];[111 188];
[131 116];[133 113];[129 114];[137 115];[126 115];[142 126];[121 127];[150 139];[115 141];[154 152];[110 154];[138 152];[124 152];[144 170];[119 171];[152 187];[109 187];
[130 116];[133 114];[128 115];[136 116];[125 116];[142 127];[120 128];[152 139];[112 142];[159 151];[105 155];[139 154];[124 154];[144 171];[120 171];[153 187];[109 189];
[130 116];[132 114];[128 114];[136 116];[125 116];[142 127];[120 128];[154 137];[110 140];[161 147];[102 153];[138 154];[124 154];[144 171];[119 171];[153 187];[109 189];
[131 114];[133 112];[128 112];[136 114];[125 114];[142 125];[119 126];[155 132];[107 137];[162 142];[ 99 149];[138 152];[123 153];[144 170];[118 172];[152 187];[109 190];
[130 110];[132 108];[128 109];[136 110];[125 110];[143 121];[119 122];[156 130];[106 133];[161 140];[100 145];[138 150];[123 151];[144 170];[117 170];[152 188];[110 190];
[130 107];[132 105];[128 105];[135 106];[125 106];[142 117];[118 118];[155 125];[105 128];[159 137];[101 140];[137 147];[122 148];[144 168];[115 168];[152 187];[109 189];
[131 104];[133 102];[129 102];[135 103];[125 104];[141 114];[118 115];[153 122];[104 124];[156 133];[100 138];[136 144];[121 144];[143 165];[115 163];[150 184];[108 184];
[131 103];[133 100];[129 101];[135 102];[125 101];[140 111];[118 112];[152 120];[106 122];[154 132];[ 99 135];[136 141];[121 140];[142 160];[115 159];[144 177];[110 177];
[132 102];[134 100];[130 100];[137 101];[126 100];[141 111];[119 111];[151 121];[106 122];[152 134];[ 97 135];[136 139];[121 139];[142 156];[115 159];[140 172];[109 175];
[134 102];[136  99];[132 100];[138 101];[127 100];[141 111];[120 111];[149 124];[106 122];[150 137];[ 96 135];[136 139];[122 139];[143 154];[116 158];[135 167];[108 171];
[135 102];[137 100];[133 100];[139 101];[128 100];[142 112];[120 111];[146 126];[107 122];[147 140];[ 97 135];[135 138];[122 138];[143 153];[117 154];[132 166];[107 163];
[136 102];[138 101];[135 100];[140 102];[129 100];[141 113];[121 110];[144 127];[108 121];[145 140];[100 134];[134 139];[121 138];[142 153];[117 154];[132 170];[118 156];
[138 104];[140 102];[137 102];[141 103];[132 101];[141 113];[121 110];[143 127];[108 121];[143 140];[102 134];[133 138];[120 137];[140 154];[118 154];[130 173];[120 159];
[140 106];[141 104];[139 104];[138 104];[138 104];[124 110];[140 114];[109 119];[143 130];[104 133];[143 142];[120 138];[130 140];[126 152];[137 155];[123 168];[131 177];
[142 109];[143 108];[142 107];[137 106];[141 107];[124 110];[140 117];[109 117];[143 133];[107 131];[147 143];[118 138];[128 140];[123 154];[137 155];[122 173];[130 179];
[144 113];[145 111];[143 111];[138 108];[140 109];[124 112];[138 119];[108 116];[144 137];[108 129];[152 142];[116 141];[125 143];[123 157];[135 158];[122 179];[129 183];
[144 118];[145 116];[143 115];[138 113];[140 113];[124 114];[138 122];[109 114];[144 138];[109 126];[153 138];[115 145];[125 147];[121 164];[135 161];[122 185];[127 186];
[144 121];[144 119];[143 119];[136 116];[140 117];[123 117];[139 126];[110 114];[147 141];[111 125];[155 134];[114 148];[124 150];[120 166];[135 167];[121 187];[127 189];
[143 124];[144 123];[142 122];[137 120];[140 121];[123 120];[138 129];[112 115];[150 142];[113 123];[154 131];[114 151];[124 154];[123 169];[136 169];[121 189];[127 192];
[143 125];[144 123];[142 123];[137 120];[141 122];[125 123];[140 130];[111 117];[152 140];[113 127];[153 129];[118 152];[122 154];[129 169];[130 171];[126 189];[126 190];
[143 125];[143 123];[142 122];[136 119];[140 120];[123 122];[139 128];[109 119];[151 138];[113 129];[151 128];[119 151];[124 153];[129 169];[129 171];[127 187];[127 188];
[141 120];[143 118];[140 117];[142 117];[136 114];[141 127];[124 118];[146 138];[106 119];[151 128];[110 130];[131 151];[119 149];[137 170];[119 169];[131 191];[124 185];
[140 114];[141 112];[139 112];[138 111];[134 110];[139 121];[122 115];[142 134];[105 121];[151 129];[107 133];[130 147];[119 145];[133 167];[118 165];[129 188];[122 184];
[135 109];[137 107];[134 107];[139 107];[130 105];[140 117];[121 113];[142 129];[107 123];[150 131];[104 135];[131 144];[118 142];[133 164];[116 161];[130 185];[118 180];
[132 106];[134 104];[130 104];[137 104];[126 104];[139 115];[118 113];[140 129];[108 125];[148 135];[102 137];[130 142];[116 142];[135 158];[116 160];[129 178];[113 178];
[129 104];[131 102];[127 102];[134 102];[123 102];[137 113];[117 113];[140 127];[109 127];[145 139];[102 140];[131 140];[117 140];[136 155];[116 159];[126 170];[111 174];
[127 104];[129 101];[124 102];[131 101];[121 102];[137 112];[116 112];[139 126];[110 127];[140 139];[106 140];[130 138];[118 138];[135 155];[115 156];[125 165];[111 168];
[124 103];[126 100];[122 101];[129 100];[119 101];[136 111];[115 112];[139 125];[110 126];[136 136];[108 139];[130 138];[118 138];[135 154];[114 153];[124 161];[114 166];
[122 104];[123 101];[120 102];[127 100];[117 102];[135 110];[114 112];[138 124];[110 127];[131 135];[110 139];[131 138];[118 138];[132 156];[113 156];[122 160];[118 169];
[120 105];[121 102];[118 103];[125 100];[116 103];[134 110];[114 113];[139 122];[110 127];[130 129];[111 134];[130 137];[118 138];[129 157];[113 157];[120 169];[121 172];
[118 107];[120 104];[116 105];[124 102];[114 105];[134 111];[113 114];[142 122];[110 129];[130 127];[110 141];[131 140];[117 141];[126 161];[113 159];[122 175];[122 178];
[117 108];[118 105];[115 106];[122 104];[113 107];[132 112];[112 117];[143 122];[109 131];[129 125];[108 142];[131 143];[118 144];[124 164];[113 163];[123 179];[123 182];
[116 111];[117 109];[114 110];[120 107];[112 110];[131 114];[111 120];[144 121];[108 134];[129 120];[106 143];[131 145];[118 146];[124 166];[115 166];[123 181];[124 185];
[116 114];[117 112];[114 113];[119 111];[111 114];[130 118];[112 124];[146 120];[106 137];[131 117];[105 143];[131 147];[121 149];[123 168];[117 168];[124 186];[124 188];
[116 117];[117 115];[113 116];[120 114];[111 117];[131 121];[112 127];[148 122];[106 138];[138 123];[101 140];[133 150];[121 152];[126 172];[117 171];[125 188];[126 190];
[117 120];[118 118];[114 119];[122 117];[112 121];[131 124];[111 130];[147 123];[105 138];[137 122];[ 99 137];[134 151];[120 153];[131 170];[116 170];[124 186];[124 190];
[118 120];[119 118];[115 119];[122 118];[112 121];[132 125];[111 131];[149 124];[101 139];[138 121];[ 97 134];[134 153];[119 154];[130 173];[116 170];[125 186];[124 191];
[119 120];[120 117];[116 118];[123 118];[113 120];[132 125];[110 130];[147 124];[101 138];[147 123];[ 97 132];[133 154];[119 155];[131 171];[116 172];[124 184];[123 191];
[120 116];[122 114];[118 114];[124 115];[114 116];[131 124];[110 128];[142 126];[101 135];[148 124];[ 97 131];[133 152];[119 154];[130 170];[117 171];[124 184];[123 191];
[122 112];[124 110];[119 110];[126 111];[116 111];[133 119];[111 122];[148 123];[102 130];[147 129];[ 99 131];[133 147];[119 149];[134 164];[120 168];[125 180];[123 190];
[123 108];[125 106];[121 106];[128 106];[118 106];[134 115];[112 117];[147 122];[102 126];[150 131];[100 131];[132 145];[118 146];[134 163];[121 167];[126 180];[122 189];
[126 105];[128 103];[124 103];[130 103];[120 103];[137 114];[113 114];[146 125];[104 125];[151 137];[101 136];[132 142];[118 142];[133 161];[121 164];[126 176];[121 186];
[128 104];[130 102];[126 102];[132 102];[122 101];[137 113];[114 112];[145 126];[105 124];[150 138];[102 138];[132 138];[117 138];[137 154];[120 160];[128 167];[119 182];
[131 103];[133 101];[129 101];[135 101];[124 100];[137 112];[115 110];[144 126];[106 124];[147 140];[103 139];[132 135];[117 135];[138 151];[120 154];[129 162];[118 174];
[133 104];[135 102];[132 101];[137 102];[127 100];[138 112];[116 110];[142 127];[107 125];[143 140];[105 140];[132 134];[118 134];[138 149];[121 151];[128 160];[116 167];
[133 103];[136 101];[132 101];[138 103];[128 100];[139 112];[117 111];[141 126];[109 124];[140 132];[106 137];[132 135];[118 135];[138 149];[120 151];[128 161];[115 164];
[134 103];[137 101];[133 101];[138 102];[129 100];[139 112];[118 110];[141 127];[110 123];[138 130];[108 136];[132 138];[118 138];[139 149];[117 153];[128 164];[123 166];
[136 103];[138 101];[134 100];[140 102];[130  99];[140 112];[119 109];[140 126];[111 122];[140 132];[109 136];[133 137];[119 136];[138 151];[118 152];[128 167];[123 168];
[138 104];[140 102];[136 102];[141 102];[132 100];[140 113];[121 109];[140 128];[111 120];[141 139];[109 135];[132 138];[119 137];[138 153];[118 155];[128 169];[122 170];
[141 106];[142 104];[140 104];[137 102];[138 103];[122 110];[140 114];[110 120];[142 131];[109 134];[145 142];[120 141];[131 142];[121 157];[135 157];[122 175];[129 177];
[143 109];[144 107];[142 107];[136 105];[140 107];[124 111];[141 117];[110 119];[144 136];[109 132];[152 144];[118 142];[129 144];[121 162];[134 162];[123 181];[128 184];
[144 113];[145 111];[143 110];[141 109];[140 109];[125 114];[140 120];[110 119];[146 138];[107 132];[158 143];[117 145];[127 147];[123 164];[135 164];[122 184];[127 187];
[144 117];[145 115];[143 114];[140 114];[140 114];[125 117];[141 124];[110 120];[147 141];[104 129];[159 139];[115 147];[126 149];[122 169];[136 167];[120 189];[126 189];
[145 119];[146 118];[143 117];[144 118];[140 116];[131 123];[138 126];[113 125];[152 141];[101 126];[162 138];[122 150];[121 150];[135 169];[129 172];[126 189];[124 191];
[144 120];[146 119];[142 118];[148 121];[138 117];[146 132];[128 124];[155 144];[112 128];[162 134];[ 99 125];[131 156];[119 154];[140 170];[122 174];[130 190];[122 190];
[146 120];[148 118];[144 117];[149 120];[139 116];[146 131];[128 124];[156 142];[112 128];[162 132];[ 99 126];[131 156];[119 154];[140 170];[123 173];[132 190];[124 188];
[146 116];[148 114];[144 113];[148 116];[139 113];[147 127];[128 121];[154 139];[112 127];[161 131];[ 97 128];[134 153];[121 151];[139 171];[122 171];[132 191];[124 188];
[146 111];[147 109];[144 109];[146 110];[138 108];[147 122];[127 117];[150 136];[111 124];[159 132];[ 97 130];[135 150];[122 147];[136 169];[120 165];[132 190];[123 184];
[145 107];[145 105];[142 105];[141 105];[139 105];[127 115];[144 117];[110 124];[142 130];[ 99 132];[130 133];[123 145];[135 146];[122 164];[134 167];[121 184];[132 190];
[143 104];[144 102];[140 102];[145 103];[135 102];[146 115];[126 112];[147 129];[113 123];[157 136];[104 134];[136 143];[123 141];[135 165];[120 161];[133 186];[117 173];
[140 102];[142 100];[138 100];[144 101];[134 100];[147 112];[126 110];[148 127];[115 123];[154 139];[107 135];[137 140];[124 138];[135 161];[122 157];[132 182];[119 170];
[140 101];[142  98];[138  99];[143 100];[133  99];[147 111];[125 110];[148 126];[117 123];[149 139];[111 137];[138 138];[125 137];[137 158];[123 155];[132 176];[121 168];
[139 100];[141  98];[137  98];[143  99];[133  99];[147 111];[125 110];[148 126];[118 124];[145 139];[116 138];[139 136];[126 136];[136 155];[124 154];[131 173];[125 168];
[139 100];[140  98];[137  99];[142  99];[132 100];[147 110];[125 110];[148 125];[120 125];[144 138];[118 140];[139 137];[126 136];[139 155];[126 155];[132 170];[127 171];
[137 102];[139  99];[135 100];[142 100];[132 100];[147 109];[125 110];[149 124];[121 124];[144 137];[119 139];[141 137];[128 137];[140 156];[126 157];[131 172];[131 173];
[136 103];[138 101];[134 101];[141 100];[131 101];[147 109];[125 110];[150 124];[121 124];[143 136];[119 138];[141 138];[128 138];[140 157];[127 158];[131 174];[132 177];
[135 104];[137 102];[133 102];[140 100];[131 102];[148 110];[125 111];[152 123];[120 125];[143 133];[120 139];[142 139];[128 139];[139 160];[128 160];[131 178];[133 181];
[136 106];[137 103];[134 104];[141 102];[131 104];[148 112];[125 113];[155 125];[117 127];[143 131];[122 139];[142 142];[129 142];[139 163];[129 164];[133 182];[134 185];
[136 107];[138 105];[134 105];[141 105];[131 105];[148 115];[125 116];[156 126];[115 128];[144 130];[123 139];[143 146];[129 146];[138 169];[130 168];[134 187];[136 189];
[135 110];[137 108];[133 108];[140 107];[130 109];[148 117];[125 119];[159 127];[114 131];[145 129];[125 138];[144 150];[130 150];[138 172];[132 172];[132 190];[137 192];
[135 110];[137 108];[133 108];[140 107];[130 109];[148 117];[125 119];[159 127];[114 131];[145 129];[125 139];[144 149];[130 150];[138 172];[132 172];[132 190];[137 192];
[136 112];[138 110];[134 110];[141 110];[130 111];[148 120];[126 122];[160 130];[115 134];[147 130];[124 140];[145 153];[131 153];[139 175];[132 176];[133 192];[136 194];
[134 112];[136 110];[132 110];[140 110];[129 111];[149 121];[126 123];[158 131];[121 138];[154 135];[128 148];[144 152];[131 153];[142 175];[130 175];[136 191];[137 196];
[134 112];[136 110];[132 110];[140 110];[129 111];[149 121];[126 123];[158 131];[121 138];[153 135];[128 148];[144 152];[130 153];[142 175];[130 175];[136 191];[137 196];
[134 112];[136 109];[132 110];[140 109];[129 111];[149 120];[127 122];[155 132];[124 138];[150 139];[130 151];[145 152];[131 152];[147 173];[129 175];[136 183];[139 197];
[135 111];[137 108];[133 109];[141 109];[131 110];[149 121];[126 121];[152 136];[121 136];[146 149];[127 148];[144 151];[130 151];[149 173];[128 174];[139 171];[138 196];
[135 111];[137 108];[133 109];[141 109];[130 110];[149 121];[126 121];[152 136];[121 136];[146 149];[127 148];[144 151];[130 151];[149 173];[128 174];[139 171];[138 196];
[135 110];[138 108];[133 108];[142 109];[131 110];[149 122];[126 121];[153 137];[119 134];[145 146];[125 144];[144 152];[130 152];[149 173];[129 175];[144 165];[136 197];
[135 110];[138 108];[133 108];[142 109];[131 110];[149 122];[126 121];[153 137];[119 134];[145 146];[125 144];[144 152];[130 152];[149 173];[129 175];[144 166];[136 197];
[138 109];[140 107];[136 108];[144 108];[133 109];[150 121];[128 120];[154 134];[121 130];[157 140];[116 133];[143 150];[129 150];[147 169];[129 173];[150 170];[135 196];
[138 109];[140 107];[136 107];[145 108];[134 108];[150 120];[129 120];[155 134];[120 130];[162 138];[108 129];[144 150];[129 151];[149 168];[129 174];[152 174];[135 197];
[138 109];[140 107];[136 107];[145 108];[134 108];[150 120];[129 120];[155 134];[120 130];[162 138];[108 129];[144 150];[129 151];[148 168];[129 174];[152 174];[136 197];
[139 109];[141 106];[137 106];[146 108];[134 107];[151 120];[128 118];[163 133];[116 127];[179 135];[100 125];[144 151];[129 151];[148 172];[129 175];[149 187];[136 197];
[139 109];[141 107];[136 107];[146 108];[134 108];[152 121];[129 118];[169 131];[115 123];[189 131];[100 122];[144 151];[129 150];[147 173];[128 173];[150 194];[137 197];
[139 109];[141 107];[136 107];[146 108];[134 108];[152 121];[129 118];[169 131];[115 123];[189 131];[100 122];[144 151];[129 150];[147 173];[128 173];[150 194];[137 197];
[139 110];[142 107];[136 107];[146 108];[133 109];[152 121];[127 119];[171 128];[114 121];[191 129];[100 121];[145 152];[130 152];[145 175];[127 176];[150 204];[138 197];
[139 112];[141 109];[136 109];[146 110];[133 110];[153 122];[128 120];[174 127];[114 119];[193 127];[101 118];[147 155];[131 154];[145 179];[124 175];[150 209];[136 199];
[139 112];[141 109];[136 109];[146 110];[133 110];[153 122];[128 120];[174 127];[114 119];[193 127];[101 118];[147 155];[131 154];[145 179];[124 175];[150 209];[136 199];
[135 117];[138 115];[134 114];[146 115];[134 113];[155 122];[130 119];[172 121];[115 115];[183 123];[ 99 114];[147 154];[131 153];[146 177];[119 175];[150 207];[136 199];
[133 116];[136 115];[134 114];[145 115];[135 113];[155 122];[130 119];[171 120];[114 114];[178 126];[ 98 112];[146 155];[130 153];[145 179];[118 175];[150 208];[135 200];
[133 115];[136 113];[133 112];[144 115];[135 113];[154 122];[129 119];[168 125];[111 115];[172 128];[ 96 112];[144 155];[128 154];[142 176];[117 175];[148 207];[133 200];
[134 112];[136 111];[134 110];[142 112];[135 111];[151 122];[129 119];[163 126];[112 114];[162 126];[ 96 111];[144 154];[129 153];[142 177];[118 177];[149 206];[131 202];
[133 111];[135 110];[133 109];[142 112];[134 110];[149 123];[127 119];[155 127];[110 114];[150 129];[ 93 111];[144 154];[128 153];[142 178];[119 178];[149 207];[134 202];
[133 112];[135 110];[132 110];[140 112];[133 110];[147 121];[126 117];[149 129];[109 114];[136 131];[ 90 112];[142 154];[127 153];[141 179];[119 178];[149 208];[133 204];
[132 110];[134 109];[132 108];[140 110];[132 108];[144 121];[127 116];[141 134];[109 113];[127 133];[ 90 112];[141 152];[128 151];[138 178];[119 177];[149 208];[132 204];
[131 110];[134 108];[131 107];[140 110];[132 108];[142 122];[129 117];[133 134];[111 116];[118 137];[ 91 116];[140 152];[129 151];[135 177];[120 177];[150 203];[130 203];
[130 110];[132 108];[130 107];[138 110];[131 108];[141 120];[129 116];[127 133];[113 119];[108 138];[ 94 120];[139 150];[128 149];[129 174];[120 177];[147 197];[131 203];
[128 109];[130 108];[128 107];[136 109];[130 108];[140 120];[129 117];[122 130];[113 120];[101 131];[ 97 122];[138 150];[128 149];[125 173];[120 176];[146 193];[131 203];
[126 109];[129 108];[126 107];[134 110];[129 108];[136 121];[131 116];[121 132];[115 120];[103 138];[ 98 123];[136 151];[130 149];[121 172];[120 173];[142 189];[128 201];
[125 108];[127 106];[125 106];[132 109];[127 107];[135 119];[129 116];[123 132];[115 120];[108 139];[101 125];[135 150];[129 149];[117 172];[117 170];[138 190];[126 197];
[124 107];[126 106];[124 105];[131 109];[128 107];[132 120];[131 116];[120 131];[116 122];[109 138];[104 128];[134 150];[133 148];[114 171];[117 169];[133 193];[129 193];
[122 109];[124 107];[122 107];[129 109];[130 108];[128 120];[135 118];[115 129];[117 123];[108 131];[108 128];[131 151];[137 150];[112 172];[122 173];[127 193];[134 197];
[119 109];[121 107];[119 107];[126 109];[131 109];[124 121];[135 119];[112 133];[121 129];[110 128];[113 127];[128 152];[136 151];[109 173];[122 175];[118 198];[133 199];
[117 111];[119 108];[118 108];[124 109];[129 109];[125 121];[134 119];[117 132];[125 130];[112 127];[114 126];[126 154];[134 154];[108 176];[121 176];[110 204];[133 200];
[115 112];[116 109];[115 110];[121 110];[127 109];[123 122];[134 120];[116 134];[126 130];[112 126];[116 125];[126 154];[135 153];[108 177];[122 177];[107 205];[133 200];
[113 114];[115 111];[114 111];[119 111];[127 110];[121 123];[134 120];[112 137];[127 132];[111 127];[116 126];[125 154];[135 153];[106 177];[121 177];[107 205];[131 201];
[111 114];[113 111];[112 111];[117 112];[126 111];[118 125];[134 120];[110 139];[130 131];[109 127];[116 125];[124 155];[136 153];[105 177];[121 176];[107 206];[129 200];
[110 115];[111 112];[110 112];[117 113];[124 111];[116 127];[133 120];[109 140];[131 128];[108 127];[116 123];[123 156];[135 154];[105 178];[121 175];[107 206];[126 200];
[109 115];[111 112];[109 113];[116 112];[123 111];[117 125];[134 120];[107 141];[133 132];[108 129];[118 125];[122 157];[135 155];[104 177];[121 174];[107 206];[125 201];
[108 114];[110 111];[108 112];[116 111];[122 110];[116 125];[134 119];[107 141];[133 132];[108 129];[118 126];[122 157];[134 155];[104 177];[121 174];[107 206];[126 201];
[109 113];[110 110];[109 111];[116 111];[123 110];[116 124];[134 119];[107 142];[135 133];[108 131];[120 129];[120 156];[134 155];[104 177];[123 175];[108 206];[127 201];
[109 113];[110 110];[110 110];[115 111];[124 110];[116 124];[134 119];[109 142];[135 134];[112 141];[123 136];[120 154];[134 153];[104 176];[124 175];[107 206];[127 201];
[110 112];[111 109];[110 109];[117 109];[124 109];[116 123];[135 118];[109 143];[136 132];[111 153];[127 141];[121 154];[135 152];[103 174];[125 175];[107 204];[127 202];
[111 110];[112 108];[112 108];[118 109];[126 109];[116 123];[136 119];[110 143];[139 131];[105 158];[131 136];[120 153];[134 152];[102 174];[126 175];[107 203];[128 202];
[112 109];[113 107];[113 107];[119 109];[126 109];[116 122];[136 119];[110 143];[142 131];[103 158];[132 134];[120 153];[134 152];[100 172];[127 176];[110 199];[129 202];
[113 109];[114 107];[114 107];[119 109];[127 108];[116 121];[136 119];[111 141];[143 133];[103 154];[132 136];[120 152];[134 152];[ 99 170];[127 176];[112 196];[130 201];
[113 109];[115 106];[114 107];[120 108];[127 108];[116 121];[136 119];[112 140];[144 133];[101 151];[131 136];[120 152];[133 152];[ 99 169];[127 176];[111 193];[130 202];
[114 109];[115 106];[115 107];[119 108];[128 108];[116 120];[135 119];[110 140];[143 134];[ 99 150];[132 138];[119 153];[132 153];[ 99 169];[127 177];[110 193];[130 202];
[113 109];[114 107];[114 107];[118 108];[127 108];[114 120];[135 120];[107 140];[142 135];[ 96 151];[132 139];[118 153];[132 154];[100 170];[127 177];[107 194];[130 202];
[114 110];[114 108];[115 108];[117 109];[127 109];[113 121];[135 121];[105 139];[140 137];[ 94 151];[131 140];[117 154];[132 154];[100 172];[127 176];[102 198];[130 201];
[113 111];[114 108];[115 109];[116 109];[127 110];[112 122];[135 122];[103 139];[138 140];[ 93 151];[135 153];[115 154];[131 155];[101 175];[127 177];[ 96 201];[130 201];
[113 111];[113 108];[114 109];[116 110];[127 111];[110 122];[134 123];[100 139];[137 141];[ 93 152];[137 156];[113 155];[129 155];[101 176];[129 178];[ 95 200];[130 201];
[112 112];[113 109];[114 110];[117 111];[127 112];[109 123];[134 125];[ 98 140];[137 142];[ 92 153];[137 157];[111 156];[127 157];[100 176];[129 178];[ 96 199];[128 202];
[114 113];[114 111];[115 111];[116 112];[127 113];[108 124];[134 125];[ 96 140];[138 142];[ 92 155];[138 157];[110 156];[127 157];[100 175];[130 178];[ 96 200];[127 201];
[117 114];[117 112];[118 112];[116 112];[128 113];[107 124];[134 125];[ 94 140];[139 141];[ 93 156];[140 157];[110 156];[128 157];[100 175];[131 178];[ 97 201];[127 201];
[119 114];[119 112];[120 112];[116 112];[129 113];[108 123];[134 124];[ 96 139];[140 141];[ 94 156];[141 156];[111 155];[128 156];[101 175];[133 176];[ 98 200];[128 200];
[118 113];[118 111];[120 111];[118 112];[130 112];[110 122];[136 123];[ 97 137];[141 140];[ 95 155];[141 155];[112 154];[129 154];[102 175];[134 177];[ 98 200];[129 200];
[122 113];[122 111];[123 111];[119 111];[131 112];[112 121];[137 123];[ 99 136];[142 140];[ 98 154];[142 155];[113 153];[130 154];[104 175];[134 177];[ 98 200];[130 200];
[124 112];[123 110];[125 111];[119 111];[132 111];[112 121];[137 122];[103 137];[142 139];[101 154];[143 154];[114 152];[130 153];[106 175];[134 177];[ 98 199];[131 200];
[123 112];[123 110];[124 110];[122 110];[133 111];[114 121];[138 122];[106 138];[143 138];[104 154];[144 153];[115 152];[131 153];[107 174];[134 177];[ 99 196];[130 199];
[131 112];[131 110];[132 110];[123 109];[134 110];[114 121];[139 121];[108 138];[144 138];[106 153];[144 153];[117 153];[133 154];[107 173];[134 178];[100 194];[130 199];
[134 113];[133 110];[134 111];[124 109];[134 110];[115 121];[140 121];[110 138];[144 139];[106 153];[145 152];[118 152];[134 153];[109 171];[134 177];[104 189];[131 199];
[134 111];[133 108];[134 109];[125 108];[137 110];[117 120];[141 121];[111 137];[145 139];[108 152];[145 152];[119 151];[135 152];[112 169];[135 176];[107 186];[131 199];
[137 111];[137 109];[138 109];[126 108];[137 110];[117 120];[141 122];[111 136];[145 140];[110 150];[146 153];[120 150];[135 152];[114 169];[134 177];[110 183];[131 198];
[139 111];[139 109];[140 109];[127 108];[138 110];[117 120];[140 122];[111 135];[145 139];[111 149];[146 152];[120 151];[134 153];[117 169];[134 177];[111 182];[131 198];
[140 113];[139 110];[140 111];[127 108];[138 110];[117 119];[140 122];[111 135];[145 139];[113 149];[146 152];[120 151];[134 153];[119 169];[134 176];[113 184];[131 198];
[140 113];[140 111];[141 111];[128 108];[139 110];[118 119];[140 122];[111 134];[144 139];[114 148];[145 153];[120 151];[134 153];[121 169];[134 175];[114 183];[131 199];
[142 114];[141 112];[142 112];[129 109];[138 111];[118 119];[140 122];[111 133];[144 140];[116 148];[144 153];[120 151];[134 153];[122 169];[134 175];[115 186];[132 198];
[141 115];[141 112];[141 113];[128 110];[137 112];[119 120];[140 123];[111 133];[145 140];[116 147];[144 153];[121 151];[135 153];[122 170];[136 174];[116 190];[132 197];
[142 116];[142 113];[142 114];[130 111];[139 113];[121 121];[140 124];[110 132];[146 140];[116 145];[145 154];[120 150];[133 151];[123 170];[141 173];[117 190];[132 195];
[142 117];[142 114];[141 114];[129 112];[137 113];[121 122];[139 124];[111 134];[147 139];[119 144];[148 152];[120 149];[132 150];[124 169];[144 172];[117 191];[132 194];
[143 116];[143 113];[142 114];[131 112];[138 114];[123 122];[140 124];[113 135];[150 138];[122 143];[151 151];[120 150];[132 151];[125 169];[146 173];[117 191];[134 194];
[144 116];[143 114];[142 114];[131 112];[138 114];[124 122];[141 123];[116 135];[153 134];[125 139];[156 147];[120 150];[132 151];[126 169];[147 173];[117 191];[136 195];
[145 115];[144 113];[143 113];[132 111];[139 113];[124 121];[142 122];[121 134];[156 132];[134 142];[159 144];[120 149];[132 150];[126 170];[147 174];[117 192];[135 195];
[145 114];[145 112];[144 112];[133 111];[140 112];[125 120];[143 122];[127 130];[158 129];[144 134];[162 138];[121 150];[133 151];[127 170];[147 173];[117 192];[135 195];
[145 113];[144 110];[144 111];[133 110];[141 110];[127 119];[143 119];[133 127];[156 125];[151 129];[161 130];[122 148];[134 150];[128 170];[146 174];[118 192];[135 196];
[146 112];[146 109];[145 110];[134 109];[142 109];[128 118];[144 118];[131 126];[158 127];[145 125];[158 124];[124 147];[135 148];[130 170];[145 173];[117 189];[136 196];
[147 110];[147 108];[146 108];[136 108];[142 108];[129 117];[142 116];[133 124];[154 121];[145 121];[152 118];[127 146];[137 147];[131 170];[144 172];[116 186];[137 195];
[147 111];[147 109];[147 109];[137 107];[141 108];[130 116];[139 116];[140 119];[149 118];[145 117];[147 115];[131 146];[138 147];[132 168];[142 172];[116 179];[136 195];
[149 111];[149 109];[148 109];[141 108];[143 108];[133 115];[138 115];[135 120];[137 117];[144 116];[144 115];[134 146];[138 147];[135 166];[140 172];[117 175];[135 196];
[149 111];[150 109];[148 109];[146 108];[142 107];[140 117];[135 114];[141 126];[134 116];[147 127];[146 117];[140 146];[137 146];[139 167];[140 170];[125 177];[136 196];
[150 111];[150 109];[148 109];[145 108];[143 107];[139 115];[135 114];[141 123];[136 117];[148 122];[147 119];[142 145];[139 146];[142 167];[141 170];[131 183];[136 195];
[150 111];[151 109];[149 109];[148 108];[144 107];[143 116];[136 113];[142 125];[132 117];[149 131];[146 122];[145 146];[139 146];[146 168];[142 170];[134 186];[136 194];
[152 112];[152 109];[150 109];[151 109];[145 107];[146 117];[137 113];[146 132];[131 117];[153 147];[146 123];[148 146];[139 146];[156 164];[141 170];[139 177];[134 194];
[153 111];[153 109];[151 109];[151 109];[146 107];[147 116];[138 113];[145 128];[129 118];[151 136];[145 126];[148 145];[139 146];[157 165];[142 168];[142 179];[134 192];
[154 112];[154 110];[153 110];[151 109];[147 108];[148 117];[138 114];[147 129];[128 120];[152 131];[144 127];[150 146];[141 146];[158 165];[144 168];[148 184];[134 191];
[155 113];[155 111];[154 110];[152 110];[148 108];[149 118];[138 116];[149 130];[127 121];[153 131];[143 128];[151 147];[142 147];[159 166];[145 168];[152 187];[135 190];
[155 115];[155 112];[154 112];[153 112];[148 110];[150 120];[138 117];[150 131];[128 123];[154 132];[144 130];[152 148];[143 148];[161 168];[147 170];[153 189];[136 194];
[156 115];[156 113];[155 113];[153 112];[149 111];[151 121];[139 118];[152 134];[127 124];[155 134];[143 131];[153 149];[143 149];[162 171];[148 172];[150 190];[139 195];
[156 116];[156 114];[155 114];[154 113];[149 112];[151 121];[138 118];[152 134];[126 125];[156 135];[142 132];[154 150];[144 150];[164 170];[150 172];[152 190];[141 195];
[156 116];[156 114];[155 114];[154 113];[149 112];[152 121];[138 119];[154 135];[125 126];[157 137];[141 133];[155 149];[144 150];[165 170];[152 172];[154 189];[145 195];
[157 116];[157 114];[155 114];[154 113];[149 112];[153 122];[139 119];[157 137];[125 127];[158 137];[141 134];[156 150];[145 151];[166 170];[152 172];[154 190];[147 195];
[156 115];[156 113];[154 113];[156 113];[148 112];[155 122];[138 119];[161 136];[125 127];[160 137];[140 135];[157 151];[144 151];[166 171];[152 172];[153 190];[146 195];
[155 114];[155 112];[152 112];[156 112];[146 111];[156 121];[138 119];[163 136];[125 127];[160 137];[139 135];[157 151];[144 152];[165 172];[151 173];[151 189];[145 195];
[154 113];[155 110];[152 111];[155 111];[146 110];[157 120];[137 118];[163 133];[124 128];[161 137];[138 135];[157 150];[144 150];[164 172];[149 173];[149 189];[145 196];
[153 112];[154 109];[150 110];[155 109];[144 109];[156 118];[136 117];[163 131];[124 128];[161 138];[138 136];[156 149];[143 149];[164 170];[148 171];[150 188];[146 195];
[151 111];[153 108];[149 108];[154 108];[143 108];[157 117];[136 117];[163 130];[124 127];[162 139];[137 136];[156 148];[143 149];[163 170];[146 171];[152 188];[145 194];
[151 109];[152 107];[148 107];[154 107];[142 107];[157 117];[136 116];[162 130];[124 127];[162 140];[136 137];[156 148];[142 148];[161 169];[144 171];[153 188];[144 194];
[150 108];[151 105];[147 106];[153 106];[142 106];[157 116];[135 115];[163 130];[124 127];[161 138];[134 137];[156 147];[142 148];[160 169];[143 170];[155 189];[144 193];
[149 107];[151 104];[147 105];[153 105];[141 105];[157 115];[135 115];[163 129];[124 128];[161 140];[134 138];[156 149];[141 149];[158 171];[141 172];[155 192];[143 194];
[149 106];[151 104];[147 104];[153 104];[141 105];[158 115];[135 115];[164 129];[124 127];[162 140];[132 139];[156 149];[141 149];[158 172];[141 173];[156 195];[143 196];
[149 106];[150 104];[146 104];[152 104];[141 105];[158 115];[135 115];[165 129];[124 128];[162 140];[132 140];[155 149];[140 149];[158 172];[139 173];[158 194];[142 194];
[147 106];[149 104];[145 104];[152 104];[141 105];[158 115];[135 115];[166 129];[125 128];[162 141];[131 140];[156 149];[141 150];[159 171];[138 173];[160 194];[142 193];
[147 107];[149 104];[145 105];[152 104];[141 105];[159 116];[135 115];[167 130];[126 128];[162 143];[131 141];[156 149];[141 149];[160 172];[138 173];[161 195];[142 193];
[147 107];[149 104];[144 105];[152 104];[141 106];[159 117];[135 117];[167 132];[127 129];[161 145];[132 143];[156 151];[140 151];[162 173];[136 173];[163 196];[143 193];
[146 108];[149 105];[144 106];[153 106];[141 107];[160 119];[136 118];[166 135];[128 131];[159 148];[133 147];[156 152];[141 151];[163 173];[136 173];[164 197];[145 194];
[146 108];[149 106];[144 106];[153 106];[141 108];[160 120];[136 120];[165 137];[129 135];[159 151];[134 150];[156 153];[141 153];[164 174];[135 174];[164 198];[145 194];
[147 108];[149 106];[145 106];[154 107];[142 108];[160 120];[136 120];[163 137];[131 136];[158 152];[135 151];[156 153];[141 154];[164 174];[134 175];[163 198];[144 193];
[147 108];[150 105];[145 106];[154 106];[142 107];[160 119];[136 119];[163 136];[131 135];[157 150];[136 150];[156 152];[141 152];[163 173];[135 175];[163 197];[143 193];
[147 107];[149 104];[145 104];[154 104];[142 105];[161 117];[136 117];[163 134];[131 133];[158 147];[135 147];[156 150];[141 150];[161 172];[135 174];[163 196];[142 192];
[146 106];[149 103];[144 103];[154 103];[142 104];[161 116];[136 115];[165 132];[130 130];[158 144];[135 143];[156 149];[140 149];[160 172];[136 172];[163 197];[142 193];
[147 104];[149 101];[145 102];[153 102];[142 102];[160 115];[136 114];[166 130];[129 128];[160 141];[133 140];[156 148];[140 148];[160 171];[136 172];[162 196];[141 194];
[147 103];[149 101];[145 101];[153 101];[141 102];[160 114];[135 114];[166 129];[129 127];[161 142];[131 140];[156 148];[140 148];[160 172];[137 172];[161 195];[142 193];
[147 103];[149 101];[144 101];[153 101];[142 102];[160 114];[136 114];[166 130];[128 127];[162 143];[130 141];[155 149];[140 149];[159 172];[138 172];[160 196];[142 193];
[146 104];[149 101];[144 101];[153 102];[141 102];[160 115];[136 114];[166 130];[128 127];[162 144];[129 142];[155 149];[140 149];[159 171];[138 171];[160 195];[142 192];
[145 105];[147 102];[143 102];[152 102];[140 103];[160 115];[135 115];[166 129];[128 128];[162 143];[130 143];[155 148];[140 148];[159 170];[137 170];[160 194];[142 192];
[144 106];[146 104];[142 104];[152 103];[140 105];[160 116];[134 116];[166 131];[126 130];[161 144];[130 144];[155 149];[139 149];[158 170];[135 169];[159 194];[142 192];
[144 108];[146 106];[142 106];[151 106];[139 107];[160 118];[134 118];[167 134];[124 132];[159 146];[131 146];[155 150];[139 150];[158 170];[133 170];[159 195];[141 192];
[143 112];[145 109];[141 109];[150 109];[138 111];[160 121];[133 122];[168 137];[123 135];[157 149];[131 148];[156 151];[139 152];[158 170];[131 171];[159 196];[141 193];
[143 114];[145 112];[141 112];[150 113];[137 114];[159 124];[132 125];[168 138];[120 138];[157 151];[129 151];[157 154];[139 154];[159 171];[128 170];[159 197];[140 195];
[142 118];[145 115];[139 115];[150 116];[136 117];[158 126];[132 127];[167 141];[120 141];[154 155];[129 154];[156 155];[139 156];[160 170];[126 170];[159 198];[139 196];
[142 120];[145 117];[140 117];[149 117];[137 118];[157 127];[132 128];[164 142];[122 143];[156 156];[128 157];[155 155];[139 156];[161 170];[126 172];[159 197];[139 196];
[143 119];[145 117];[140 117];[149 117];[137 118];[156 127];[132 127];[160 143];[125 143];[156 158];[127 158];[154 154];[138 154];[161 171];[127 172];[158 197];[139 195];
[142 118];[144 116];[140 116];[149 116];[136 116];[156 125];[132 126];[157 142];[128 142];[155 156];[127 157];[154 153];[138 154];[160 169];[127 172];[158 196];[140 194];
[143 115];[145 113];[140 113];[149 113];[136 114];[156 122];[132 123];[156 139];[129 139];[152 153];[129 155];[154 151];[138 151];[159 168];[129 170];[159 195];[139 194];
[143 112];[145 110];[141 110];[149 110];[136 112];[156 118];[131 119];[156 136];[130 136];[148 150];[132 151];[153 146];[138 147];[158 168];[130 169];[159 194];[138 192];
[143 110];[145 108];[140 108];[148 107];[136 108];[155 115];[131 116];[156 133];[130 133];[149 147];[133 148];[152 145];[136 146];[158 166];[130 167];[159 193];[138 193];
[144 108];[146 106];[141 106];[148 105];[136 105];[155 112];[131 112];[155 129];[130 130];[149 144];[134 146];[151 142];[136 142];[157 164];[132 166];[158 189];[138 192];
[145 108];[147 106];[142 106];[149 103];[137 104];[155 111];[130 110];[155 128];[130 128];[149 142];[136 143];[150 140];[135 141];[157 161];[134 165];[156 182];[136 190];
[145 104];[147 102];[142 102];[148 101];[137 102];[155 110];[130 109];[156 127];[130 127];[149 142];[136 142];[151 139];[135 140];[158 162];[135 164];[154 175];[135 191];
[146 103];[147 101];[144 101];[148 100];[137 100];[154 110];[129 109];[157 127];[129 126];[151 140];[136 140];[151 141];[135 141];[158 161];[135 164];[152 175];[134 190];
[146 103];[147 100];[144 101];[147  99];[137  99];[153 109];[128 109];[158 126];[126 126];[152 139];[135 139];[150 142];[135 142];[158 161];[134 166];[150 175];[133 190];
[148 101];[148  99];[147  99];[142  99];[140  99];[152 109];[128 110];[159 125];[124 127];[154 139];[135 139];[150 142];[134 144];[157 161];[133 166];[148 175];[132 189];
[146 102];[147  99];[144 100];[146  99];[138  99];[152 110];[128 111];[159 126];[122 127];[154 139];[133 139];[149 142];[133 143];[156 162];[132 166];[148 177];[132 190];
[143 102];[145  99];[140  99];[147  99];[135  99];[153 111];[128 111];[159 126];[121 127];[155 139];[132 140];[149 144];[133 144];[155 163];[131 167];[149 184];[132 190];
[143 102];[145 100];[141 100];[147 100];[136 100];[153 112];[128 112];[159 128];[121 128];[154 141];[131 142];[149 145];[133 145];[153 166];[129 168];[150 189];[132 190];
[143 103];[145 101];[141 101];[148 102];[136 102];[154 115];[128 115];[160 130];[121 131];[154 143];[129 145];[149 147];[133 147];[152 168];[129 169];[150 191];[134 191];
[143 105];[145 103];[140 103];[148 103];[136 104];[155 117];[128 117];[160 133];[121 134];[153 146];[128 148];[149 148];[133 148];[151 166];[128 167];[151 191];[133 190];
[143 106];[145 104];[140 104];[148 105];[135 106];[154 118];[129 119];[159 134];[123 135];[153 148];[129 150];[149 147];[133 148];[151 166];[129 166];[151 190];[132 190];
[142 107];[144 104];[139 104];[147 105];[135 106];[153 117];[129 119];[157 134];[126 136];[154 149];[129 151];[149 148];[134 149];[150 167];[130 167];[151 191];[132 190];
[142 106];[144 103];[139 104];[147 104];[135 105];[153 115];[129 117];[155 132];[126 134];[152 147];[132 148];[148 147];[134 147];[150 167];[131 166];[150 190];[132 190];
[141 105];[143 102];[139 102];[146 102];[134 103];[153 113];[129 114];[155 130];[126 130];[152 143];[133 142];[148 147];[134 147];[150 168];[130 170];[149 189];[132 190];
[140 102];[142 100];[138 100];[146 100];[134 101];[153 111];[129 111];[157 128];[123 125];[154 142];[131 132];[149 146];[133 146];[150 169];[130 169];[150 190];[132 190];
[140 102];[142  99];[137  99];[145  99];[133 100];[153 110];[128 109];[157 126];[123 123];[153 140];[129 124];[149 145];[133 145];[150 169];[130 169];[149 191];[132 190];
[139 101];[141  98];[137  98];[145  98];[133  98];[152 109];[128 108];[157 125];[121 122];[153 138];[129 118];[148 144];[132 143];[150 168];[130 167];[149 190];[131 190];
[139 100];[141  98];[137  98];[145  97];[134  97];[152 109];[128 108];[157 126];[120 121];[153 138];[128 115];[148 144];[132 143];[150 168];[130 167];[149 191];[131 190];
[139  99];[141  97];[137  97];[145  97];[133  97];[152 109];[128 108];[157 126];[119 121];[153 137];[128 114];[147 144];[132 143];[149 167];[130 167];[149 189];[132 190];
[139  99];[141  97];[136  97];[145  96];[133  97];[152 109];[128 108];[157 125];[119 121];[154 137];[129 113];[147 144];[132 144];[149 167];[130 167];[149 189];[132 189];
[139  99];[141  96];[136  97];[145  96];[133  97];[152 109];[128 108];[157 126];[119 121];[154 138];[129 113];[147 144];[131 144];[149 167];[129 167];[148 189];[132 189];
[139  99];[142  96];[137  96];[145  96];[133  97];[152 109];[128 108];[158 126];[119 121];[155 139];[129 112];[147 144];[131 144];[149 168];[129 167];[148 189];[132 189];
[138  98];[141  96];[136  96];[145  96];[133  96];[152 109];[128 107];[158 126];[118 120];[155 139];[128 111];[147 144];[131 144];[149 168];[128 167];[148 189];[131 189];
[139  98];[142  95];[137  95];[146  95];[134  96];[152 109];[129 107];[158 126];[117 119];[154 139];[128 111];[147 144];[131 143];[149 167];[128 167];[149 189];[131 189];
[139  98];[142  95];[137  96];[146  96];[134  97];[153 110];[130 108];[158 126];[116 116];[153 139];[127 108];[147 143];[132 143];[150 165];[127 165];[149 188];[131 189];
[139 100];[141  97];[137  97];[146  98];[135  98];[153 111];[130 108];[158 127];[116 113];[153 139];[127 109];[147 144];[132 143];[150 167];[127 166];[149 189];[131 189];
[138 102];[140 100];[136 100];[146 100];[135 101];[154 112];[131 110];[159 128];[119 110];[153 140];[129 104];[148 145];[133 144];[150 168];[127 167];[149 189];[132 189];
[138 104];[140 102];[136 102];[145 102];[135 102];[153 113];[131 109];[159 129];[118 106];[153 141];[116 107];[148 146];[133 145];[151 168];[128 169];[149 189];[132 190];
[139 105];[141 102];[137 102];[145 102];[135 102];[153 112];[131 109];[159 128];[120 108];[153 139];[121 108];[148 145];[133 144];[150 169];[128 169];[150 190];[132 191];
[140 103];[142 101];[137 101];[146 101];[135 101];[153 111];[131 108];[159 126];[122 109];[153 135];[126 112];[148 143];[133 142];[151 168];[129 167];[150 189];[132 190];
[141 101];[143  99];[138  99];[146  99];[135  99];[153 109];[131 106];[158 124];[122 111];[151 131];[126 115];[148 142];[133 141];[151 166];[129 166];[150 189];[131 190];
[143  99];[145  97];[140  97];[147  97];[136  97];[153 108];[130 105];[157 123];[121 113];[151 127];[125 118];[148 140];[133 140];[151 165];[130 165];[150 189];[131 189];
[144  98];[146  95];[141  95];[148  96];[137  96];[153 108];[129 105];[158 123];[121 115];[151 124];[127 121];[148 140];[133 139];[151 165];[130 165];[150 189];[131 189];
[145  97];[146  95];[142  95];[148  96];[137  95];[153 108];[129 106];[158 123];[121 117];[153 122];[128 124];[148 141];[133 141];[150 165];[130 165];[150 188];[131 189];
[145  97];[147  95];[142  95];[148  96];[137  96];[153 108];[129 107];[159 124];[121 120];[153 118];[127 128];[149 141];[133 141];[151 165];[131 165];[149 188];[131 189];
[145  97];[147  95];[143  95];[149  96];[138  96];[153 109];[129 107];[159 125];[121 123];[154 116];[125 134];[148 142];[133 142];[151 165];[131 166];[149 188];[131 189];
[146  97];[148  95];[143  95];[149  96];[138  95];[153 109];[129 108];[159 124];[123 125];[155 115];[124 140];[149 142];[134 142];[151 165];[131 165];[149 188];[132 189];
[147  96];[148  94];[144  94];[150  96];[139  95];[154 109];[130 108];[160 124];[124 125];[156 113];[123 141];[149 143];[134 143];[150 166];[130 166];[150 188];[132 189];
[147  97];[149  95];[144  95];[150  96];[139  96];[154 109];[130 109];[163 120];[124 125];[157 111];[123 141];[149 143];[134 143];[151 166];[130 165];[150 188];[132 188];
[148  99];[149  96];[145  96];[151  98];[139  98];[155 109];[130 110];[163 116];[124 127];[157 110];[123 143];[150 143];[134 143];[151 166];[130 166];[150 188];[133 189];
[148 101];[150  99];[145  99];[151 100];[140 100];[154 110];[131 112];[162 112];[124 128];[158 112];[122 144];[149 144];[134 145];[152 167];[130 168];[150 188];[134 189];
[147 102];[149 100];[145 100];[151 101];[140 101];[153 110];[132 112];[163 113];[124 129];[163 110];[122 143];[149 143];[134 144];[152 167];[130 167];[151 189];[134 189];
[147 102];[148 100];[144 100];[151 101];[139 101];[154 110];[132 113];[161 112];[124 129];[160 108];[122 144];[149 144];[135 145];[152 167];[130 169];[151 189];[134 190];
[147 102];[149 100];[145 100];[151 101];[139 101];[153 109];[131 112];[161 112];[124 127];[159 111];[122 142];[150 143];[135 144];[153 167];[131 168];[151 189];[133 189];
[147 101];[149  99];[145  99];[150 100];[139 100];[154 108];[131 110];[161 112];[123 126];[160 110];[122 141];[150 143];[135 143];[153 166];[131 167];[152 188];[133 189];
[147 100];[149  98];[145  98];[151  99];[139  99];[155 108];[131 109];[162 114];[123 125];[159 108];[123 140];[151 143];[135 143];[153 167];[132 167];[152 189];[134 189];
[147  99];[149  97];[144  97];[151  98];[140  98];[156 107];[132 109];[162 114];[123 123];[158 110];[123 137];[151 142];[135 143];[153 167];[132 167];[152 189];[135 189];
[147  99];[149  97];[144  97];[151  97];[140  98];[156 107];[132 107];[163 116];[123 121];[159 112];[123 134];[151 142];[136 142];[154 167];[132 167];[152 189];[135 189];
[147  99];[149  96];[144  96];[151  97];[139  97];[157 107];[132 107];[163 119];[123 121];[158 112];[124 133];[152 142];[136 142];[154 166];[133 166];[153 189];[135 190];
[147  98];[149  96];[144  96];[151  97];[139  97];[156 107];[131 106];[163 118];[123 120];[158 112];[125 132];[152 142];[136 142];[154 166];[133 166];[153 189];[135 190];
[146  98];[148  96];[143  96];[150  96];[139  97];[156 106];[132 106];[163 119];[123 119];[158 112];[125 129];[152 142];[136 142];[154 166];[133 166];[153 188];[135 190];
[146  98];[148  95];[143  95];[151  96];[139  96];[156 106];[132 106];[163 120];[123 119];[158 113];[126 127];[152 141];[136 141];[154 166];[133 166];[153 188];[135 190];
[145  97];[147  95];[143  95];[150  96];[139  96];[156 106];[132 106];[163 120];[122 118];[158 113];[127 123];[152 141];[136 141];[154 165];[134 165];[153 188];[135 189];
[145  97];[147  94];[143  94];[150  96];[138  96];[155 107];[132 106];[163 120];[122 118];[158 113];[127 120];[152 141];[136 141];[154 165];[134 165];[153 188];[135 189];
[145  97];[147  94];[143  94];[150  96];[138  96];[156 107];[132 107];[162 121];[122 119];[158 114];[127 119];[152 141];[136 141];[154 165];[134 164];[153 188];[135 189];
[144  97];[146  95];[142  95];[149  96];[138  96];[156 107];[133 106];[162 121];[122 118];[158 114];[126 118];[152 141];[136 140];[155 165];[134 164];[153 187];[136 189];
[144  97];[146  95];[142  95];[149  96];[138  97];[156 107];[133 107];[162 121];[122 118];[158 113];[126 117];[152 141];[136 141];[155 165];[133 165];[154 188];[136 189];
[144  98];[146  95];[141  96];[149  96];[137  97];[156 107];[132 107];[163 120];[122 118];[158 113];[127 116];[152 140];[136 141];[155 165];[133 165];[154 188];[136 189];
[144  98];[146  96];[141  96];[149  96];[137  97];[156 107];[132 107];[162 120];[122 119];[158 112];[127 115];[152 141];[136 141];[155 165];[133 165];[154 188];[136 189];
[144  98];[146  96];[142  96];[150  97];[138  97];[156 107];[132 107];[162 121];[122 119];[158 112];[127 115];[152 141];[136 141];[155 165];[133 165];[154 189];[136 189];
[144  99];[146  96];[141  96];[149  97];[138  97];[156 107];[132 107];[162 120];[122 119];[158 112];[127 115];[151 141];[136 141];[155 165];[133 166];[154 189];[136 189];
[144  99];[146  97];[141  97];[149  98];[137  98];[156 107];[132 107];[163 120];[122 120];[158 111];[127 114];[152 141];[136 141];[156 165];[133 166];[155 189];[136 190];
[143 100];[146  97];[141  98];[149  98];[137  98];[156 107];[132 107];[163 120];[121 119];[158 111];[127 114];[152 141];[136 141];[156 165];[133 167];[155 189];[137 190];
[144 101];[146  98];[141  98];[149  98];[137  99];[155 107];[132 107];[163 120];[121 119];[158 111];[128 113];[152 141];[136 141];[156 165];[133 167];[155 189];[137 190];
[143 101];[145  99];[141  99];[149  99];[137  99];[155 108];[132 108];[163 120];[122 119];[158 112];[128 113];[152 141];[136 141];[156 165];[133 167];[156 189];[137 190];
[144 102];[146  99];[141  99];[149  99];[137 100];[155 108];[132 108];[163 119];[122 119];[159 112];[128 113];[152 141];[136 141];[157 165];[133 167];[156 189];[137 190];
[144 102];[146 100];[141 100];[149 100];[138 100];[155 108];[132 109];[163 119];[122 119];[159 111];[128 113];[152 141];[136 142];[157 166];[133 168];[155 189];[137 190];
[144 103];[146 101];[141 101];[149 101];[137 101];[155 108];[132 108];[163 119];[122 119];[159 112];[128 113];[152 142];[136 142];[157 166];[132 168];[155 190];[138 191];
[145 105];[147 102];[142 102];[150 102];[138 102];[155 109];[132 109];[163 119];[122 118];[159 111];[129 113];[152 142];[136 142];[158 166];[132 168];[156 190];[138 191];
[145 106];[147 104];[142 103];[150 103];[138 102];[155 109];[132 108];[163 118];[122 118];[159 112];[129 113];[151 141];[136 141];[158 166];[132 168];[155 190];[138 191];
[145 107];[147 104];[142 104];[150 104];[138 103];[155 110];[132 109];[163 118];[123 117];[159 112];[129 114];[151 143];[136 143];[159 167];[132 168];[155 190];[138 191];
[145 108];[147 106];[142 106];[150 105];[138 104];[154 110];[133 110];[163 115];[124 116];[159 110];[130 113];[151 143];[136 144];[159 167];[132 169];[155 190];[138 191];
[144 111];[146 108];[142 108];[149 107];[138 106];[154 110];[133 111];[160 113];[125 114];[158 112];[131 112];[151 143];[136 143];[159 167];[132 169];[155 190];[138 191];
[144 111];[146 108];[141 108];[149 107];[137 107];[154 111];[133 111];[161 114];[128 113];[159 112];[131 113];[151 143];[137 143];[159 167];[132 169];[156 191];[138 191];
[145 108];[147 106];[142 106];[150 105];[138 105];[154 111];[133 111];[160 114];[128 112];[158 111];[132 112];[151 143];[137 143];[159 167];[133 168];[156 190];[138 191];
[145 108];[147 105];[142 105];[149 104];[138 103];[153 109];[132 108];[160 113];[126 112];[158 112];[132 112];[151 143];[136 143];[159 166];[132 169];[156 190];[138 192];
[145 106];[147 104];[143 103];[150 102];[138 102];[154 108];[132 108];[162 115];[124 115];[158 111];[130 112];[151 142];[136 142];[159 166];[133 168];[157 190];[138 192];
[145 103];[147 101];[143 101];[149 101];[138 101];[154 109];[132 109];[164 118];[122 118];[157 111];[129 113];[151 143];[136 143];[159 166];[133 167];[156 190];[137 191];
[145 102];[147 100];[142 100];[149 101];[137 100];[154 110];[131 109];[163 120];[122 120];[156 112];[128 113];[152 143];[136 143];[160 166];[134 167];[154 186];[137 191];
[145 101];[147  99];[142  99];[149 100];[138 100];[154 110];[131 109];[163 122];[121 120];[157 112];[127 113];[151 143];[136 144];[161 165];[135 168];[150 177];[138 191];
[145 101];[147  99];[143  99];[149 100];[138  99];[155 110];[131 110];[163 123];[121 121];[157 113];[126 113];[152 143];[136 144];[160 164];[136 168];[148 171];[139 192];
[145 102];[147 100];[143  99];[149 100];[138 100];[154 110];[131 109];[163 123];[122 120];[157 114];[126 112];[151 143];[136 144];[160 162];[135 168];[152 163];[139 192];
[145 101];[147  99];[143  99];[150 100];[138 100];[154 110];[132 109];[163 123];[122 119];[157 113];[127 111];[151 143];[136 144];[161 162];[135 167];[158 168];[139 192];
[146 102];[148 100];[143  99];[150 100];[139 100];[155 110];[132 109];[163 123];[122 119];[158 112];[127 110];[151 143];[136 144];[162 162];[134 167];[160 165];[139 192];
[147 102];[149 100];[144 100];[151 101];[140 100];[155 110];[133 109];[163 123];[122 117];[158 112];[128 110];[151 143];[136 144];[162 161];[135 168];[158 165];[139 191];
[147 103];[150 101];[145 101];[152 102];[140 101];[156 111];[133 109];[163 122];[122 116];[159 112];[129 109];[152 143];[136 144];[162 162];[135 169];[157 162];[139 192];
[147 105];[150 103];[144 102];[153 103];[140 102];[157 111];[134 109];[163 121];[124 115];[159 112];[132 108];[152 144];[136 145];[163 162];[135 170];[151 165];[139 192];
[148 107];[150 105];[146 104];[153 105];[142 104];[156 111];[135 110];[164 119];[125 113];[161 111];[136 108];[152 144];[137 145];[164 163];[136 170];[153 175];[138 192];
[149 109];[152 107];[147 107];[153 107];[142 106];[155 112];[136 111];[163 114];[128 111];[163 111];[140 107];[152 146];[138 146];[165 166];[135 170];[156 184];[138 193];
[150 110];[152 108];[147 108];[154 109];[143 108];[156 115];[138 113];[164 115];[133 109];[164 114];[137 110];[153 148];[139 147];[162 170];[134 170];[162 192];[137 192];
[149 110];[152 108];[147 108];[155 109];[143 108];[156 116];[139 115];[163 116];[135 111];[163 115];[137 111];[153 148];[139 147];[161 170];[134 171];[163 193];[138 192];
[151 110];[153 109];[149 108];[156 108];[144 107];[159 114];[138 112];[166 118];[131 112];[160 117];[140 114];[155 146];[140 146];[163 169];[135 171];[164 194];[139 193];
[151 107];[154 105];[149 105];[157 106];[145 104];[160 113];[138 111];[167 123];[129 117];[160 118];[139 116];[156 146];[140 146];[165 168];[135 170];[164 193];[139 193];
[152 105];[155 104];[150 103];[158 104];[146 102];[160 113];[138 110];[167 128];[127 121];[162 122];[135 119];[156 146];[140 146];[166 169];[135 170];[164 194];[139 193];
[154 104];[156 102];[152 101];[159 103];[147 102];[162 114];[139 111];[167 128];[128 121];[164 124];[133 120];[156 147];[141 147];[164 169];[136 170];[163 193];[138 192];
[154 104];[157 102];[152 101];[159 103];[147 102];[162 115];[139 111];[167 126];[128 121];[165 127];[133 120];[156 148];[140 147];[164 169];[137 171];[163 193];[139 192];
[154 105];[157 103];[152 103];[159 104];[148 103];[162 115];[139 111];[167 126];[127 122];[166 127];[135 119];[156 148];[141 147];[164 170];[137 171];[163 194];[140 193];
[154 107];[157 105];[152 104];[159 106];[148 104];[162 115];[140 112];[167 126];[129 122];[166 127];[141 117];[156 148];[141 147];[164 169];[137 171];[163 193];[139 193];
[155 110];[157 107];[152 107];[159 108];[148 107];[162 116];[141 113];[168 127];[131 122];[166 128];[145 117];[156 148];[141 148];[164 169];[136 171];[163 193];[139 193];
[154 111];[156 109];[152 109];[159 110];[148 108];[162 117];[142 114];[168 126];[135 120];[166 128];[149 116];[155 149];[141 148];[164 170];[136 171];[163 193];[138 193];
[153 112];[155 110];[151 110];[158 110];[146 109];[161 117];[140 114];[167 125];[135 119];[164 128];[150 119];[156 150];[141 149];[164 170];[136 173];[163 193];[138 193];
[151 113];[153 111];[149 110];[157 109];[145 108];[162 116];[138 113];[165 128];[137 122];[162 130];[150 123];[157 149];[141 148];[166 170];[136 171];[163 194];[139 194];
[150 110];[152 108];[148 108];[156 107];[144 106];[161 116];[139 112];[164 129];[136 124];[160 133];[148 127];[156 148];[141 147];[165 169];[135 171];[163 193];[138 192];
[150 108];[153 105];[148 105];[157 105];[145 104];[162 114];[138 112];[163 129];[133 125];[160 136];[148 130];[157 146];[141 146];[165 169];[136 170];[163 194];[139 193];
[150 106];[152 103];[147 103];[156 103];[144 103];[161 114];[138 111];[164 130];[129 125];[162 139];[137 133];[157 147];[142 146];[164 169];[137 169];[163 193];[138 192];
[150 103];[152 101];[147 101];[156 101];[144 101];[162 114];[138 111];[166 130];[128 124];[165 140];[129 136];[157 147];[141 147];[164 169];[137 170];[163 193];[139 193];
[150 102];[152  99];[148  99];[156 100];[145 100];[163 113];[139 112];[168 128];[127 123];[170 135];[121 132];[157 146];[141 146];[164 169];[137 170];[163 194];[140 193];
[151 101];[153  99];[148  99];[156 100];[145 100];[162 113];[139 112];[169 127];[126 123];[173 131];[114 131];[158 147];[142 147];[163 170];[139 170];[163 194];[140 194];
[151 101];[153  98];[149  98];[156  99];[145 101];[162 113];[139 112];[172 124];[126 121];[178 127];[111 125];[157 147];[141 147];[163 171];[138 170];[163 195];[139 194];
[151 100];[153  98];[149  98];[156  99];[145 100];[162 113];[139 112];[172 122];[127 121];[180 123];[113 121];[157 147];[141 147];[162 172];[138 170];[163 195];[140 195];
[150  99];[152  97];[148  97];[156  99];[144 100];[162 112];[138 112];[174 121];[127 120];[181 120];[114 117];[157 147];[141 147];[162 171];[137 170];[163 195];[140 195];
[149  99];[152  97];[147  97];[156  99];[144 100];[162 113];[138 112];[176 119];[125 118];[182 119];[113 116];[157 147];[140 147];[162 171];[136 171];[163 195];[140 195];
[149 100];[151  97];[146  98];[155  99];[143 100];[163 113];[137 112];[179 117];[122 116];[184 118];[109 114];[157 147];[140 146];[161 171];[136 170];[163 196];[140 195];
[148 100];[151  98];[146  98];[155  99];[142 100];[163 113];[136 112];[180 115];[118 113];[187 116];[104 112];[157 147];[139 147];[161 170];[135 170];[163 195];[140 195];
[147 101];[150  99];[145  99];[155 100];[142 101];[162 113];[135 111];[179 113];[116 109];[189 115];[100 109];[156 147];[139 146];[161 169];[134 170];[163 195];[141 195];
[146 102];[149 100];[144 100];[154 101];[141 101];[162 112];[134 110];[178 113];[115 107];[188 113];[ 97 107];[156 147];[138 147];[161 168];[133 169];[164 195];[141 195];
[145 103];[147 101];[143 100];[151 102];[140 100];[159 112];[132 108];[174 112];[115 105];[184 112];[ 97 104];[155 146];[138 146];[160 168];[132 169];[165 195];[142 195];
[144 104];[146 102];[142 101];[149 102];[138 101];[155 111];[130 108];[168 113];[116 105];[169 111];[101 102];[153 146];[136 146];[160 170];[131 170];[168 194];[141 195];
[142 104];[145 102];[140 102];[148 102];[136 101];[153 110];[130 109];[163 110];[115 104];[148 113];[ 99 100];[152 146];[135 146];[159 170];[132 170];[170 194];[140 195];
[139 104];[141 101];[137 101];[146 102];[135 101];[152 110];[132 110];[139 111];[121 107];[125 106];[120 102];[151 145];[135 145];[157 170];[132 170];[168 189];[140 194];
[137 102];[139 100];[135 100];[145 101];[134 101];[151 110];[132 111];[141 112];[118 111];[125 107];[121 105];[149 146];[134 146];[155 171];[130 170];[166 192];[140 195];
[136 102];[139 100];[135  99];[144 100];[134 100];[149 109];[132 108];[137 110];[120 108];[119 110];[113 111];[149 144];[134 144];[151 169];[131 169];[161 194];[140 194];
[134 101];[137  99];[133  99];[143 101];[132 100];[147 109];[131 110];[130 109];[120 111];[113 110];[112 112];[148 144];[134 144];[149 169];[130 169];[156 197];[140 195];
[132 101];[134  98];[131  98];[141 100];[135 100];[142 109];[138 110];[121 110];[124 112];[110 112];[114 112];[146 145];[137 144];[145 170];[131 168];[151 197];[139 194];
[131 100];[133  98];[130  98];[140  99];[134  99];[140 109];[140 109];[120 112];[124 114];[113 113];[114 116];[143 145];[141 145];[140 170];[136 170];[144 197];[141 196];
[130  99];[133  97];[130  96];[139  98];[136  97];[140 109];[140 108];[120 112];[123 111];[124 107];[125 108];[141 144];[140 143];[138 169];[136 169];[141 195];[140 194];
[128  99];[131  96];[128  96];[137  97];[136  97];[137 109];[143 107];[120 118];[124 114];[123 110];[125 110];[139 145];[144 143];[134 170];[139 169];[137 195];[140 192];
[126  97];[129  95];[127  95];[136  97];[136  97];[135 110];[143 108];[123 121];[130 116];[123 112];[125 111];[138 145];[145 143];[132 170];[140 169];[134 196];[142 192];
[124  98];[126  96];[124  96];[133  97];[134  97];[132 110];[142 107];[124 124];[133 119];[121 115];[123 115];[137 145];[145 144];[131 170];[140 169];[133 196];[142 192];
[122  98];[124  96];[122  96];[130  97];[133  97];[131 110];[141 108];[127 127];[135 121];[119 120];[122 118];[136 145];[144 143];[132 170];[141 168];[134 195];[142 192];
[120  99];[122  97];[121  97];[128  99];[132  98];[129 112];[139 109];[129 130];[135 123];[121 130];[121 123];[137 143];[145 142];[133 169];[142 167];[135 195];[142 192];
[118 100];[119  98];[118  98];[125 100];[130  99];[128 113];[138 110];[129 131];[140 127];[123 140];[127 136];[139 142];[147 140];[132 168];[141 166];[135 195];[140 191];
[116 102];[118 100];[116 100];[123 101];[127 100];[127 113];[134 110];[131 131];[136 128];[123 141];[125 139];[141 140];[148 138];[131 167];[139 164];[135 194];[139 190];
[114 104];[116 102];[114 101];[122 103];[125 101];[126 115];[135 111];[130 133];[139 129];[123 144];[128 142];[142 143];[148 141];[131 169];[138 168];[136 196];[139 193];
[113 106];[115 104];[113 103];[120 105];[125 103];[125 116];[135 112];[128 135];[139 131];[122 148];[129 145];[141 143];[149 141];[129 170];[136 169];[137 197];[138 194];
[112 107];[114 105];[112 104];[119 106];[123 104];[124 117];[134 112];[128 136];[139 131];[121 150];[131 146];[141 144];[148 142];[129 171];[134 170];[138 197];[137 195];
[112 108];[113 105];[112 105];[118 106];[122 104];[124 116];[134 111];[128 134];[140 130];[122 149];[132 144];[140 144];[146 142];[129 171];[134 171];[138 197];[136 195];
[111 108];[112 106];[111 106];[118 105];[124 104];[124 114];[133 111];[128 131];[141 129];[122 146];[132 144];[138 142];[145 141];[129 171];[134 170];[138 195];[136 194];
