[195 114];[196 111];[197 111];[194 113];[208 112];[184 123];[217 124];[156 126];[235 133];[145 121];[241 134];[191 163];[211 163];[190 186];[215 188];[189 212];[220 214];
[194 113];[194 111];[194 111];[193 112];[208 113];[182 124];[216 127];[153 125];[233 136];[145 120];[233 133];[190 164];[210 164];[192 188];[215 188];[190 211];[220 213];
[192 112];[192 110];[193 110];[190 111];[207 113];[179 124];[214 125];[148 124];[231 136];[141 119];[230 134];[186 165];[207 165];[192 188];[215 188];[188 212];[217 213];
[191 113];[191 110];[192 111];[188 111];[203 112];[174 124];[210 125];[146 124];[229 137];[136 118];[227 134];[182 166];[203 165];[190 189];[216 184];[183 214];[212 211];
[186 111];[186 109];[188 109];[184 110];[201 112];[171 123];[207 124];[143 125];[227 138];[134 118];[233 137];[179 165];[201 164];[185 188];[216 182];[175 214];[206 208];
[184 112];[184 110];[186 111];[182 112];[199 114];[170 125];[205 127];[142 125];[226 138];[132 116];[229 133];[174 165];[196 165];[177 190];[218 183];[171 218];[201 209];
[189 117];[191 114];[189 114];[190 116];[184 114];[201 127];[167 125];[218 129];[140 125];[214 119];[131 118];[194 164];[170 165];[217 185];[170 189];[199 211];[170 218];
[182 114];[184 113];[182 112];[186 115];[181 114];[201 128];[163 124];[224 138];[136 123];[239 144];[130 117];[192 165];[168 165];[215 185];[166 193];[194 212];[167 222];
[177 114];[177 112];[179 112];[176 114];[193 116];[161 124];[200 130];[132 121];[222 141];[125 114];[240 150];[162 163];[186 164];[160 188];[207 185];[159 218];[189 215];
[173 114];[174 111];[175 111];[173 113];[190 115];[158 123];[197 129];[128 122];[220 140];[122 113];[239 151];[160 165];[185 166];[153 187];[200 186];[153 218];[185 216];
[171 113];[171 110];[172 111];[169 112];[185 113];[156 124];[191 128];[127 123];[198 149];[120 114];[197 162];[156 165];[181 166];[148 189];[192 190];[145 218];[180 218];
[164 113];[165 111];[165 111];[167 112];[182 115];[155 125];[189 130];[125 123];[198 148];[118 113];[194 150];[156 168];[179 169];[142 190];[184 190];[135 218];[179 220];
[160 113];[161 111];[162 111];[162 112];[177 114];[149 124];[185 129];[120 122];[200 142];[114 113];[205 145];[152 167];[176 168];[138 191];[180 193];[125 220];[177 222];
[158 114];[159 112];[159 112];[160 112];[174 114];[145 124];[181 130];[116 124];[192 148];[111 113];[201 153];[147 165];[171 167];[133 191];[175 194];[120 219];[175 222];
[153 113];[154 111];[155 111];[154 111];[169 114];[140 123];[175 130];[111 122];[182 152];[107 112];[181 173];[142 165];[165 167];[129 190];[166 194];[120 219];[171 222];
[148 109];[149 107];[150 107];[151 109];[166 110];[139 122];[176 126];[108 119];[197 137];[102 108];[199 136];[140 162];[163 164];[126 185];[159 191];[122 215];[167 219];
[146 107];[148 105];[147 105];[151 106];[164 108];[135 118];[174 124];[103 115];[199 139];[ 98 104];[218 149];[136 161];[159 163];[123 181];[157 190];[126 210];[166 218];
[143 107];[144 105];[145 105];[146 105];[161 107];[130 115];[171 122];[ 98 111];[195 136];[ 94 101];[215 146];[133 159];[157 161];[119 183];[155 188];[130 211];[167 217];
[139 103];[140 101];[141 101];[141 101];[157 103];[126 112];[166 119];[ 94 109];[191 133];[90 98];[210 143];[128 156];[152 158];[116 181];[154 186];[129 209];[167 216];
[136  99];[136  97];[138  97];[138  98];[155 101];[122 109];[161 117];[ 89 105];[184 129];[87 94];[204 143];[123 153];[147 155];[114 181];[151 185];[125 208];[164 213];
[131  95];[132  93];[133  93];[133  94];[148  97];[117 107];[156 112];[ 85 102];[177 125];[84 90];[177 126];[119 150];[144 151];[114 179];[146 181];[116 209];[161 210];
[130  95];[131  93];[131  93];[131  93];[146  95];[114 103];[153 110];[82 98];[176 125];[80 88];[198 140];[117 147];[140 148];[116 179];[143 180];[109 208];[158 206];
[133  96];[133  93];[134  94];[129  92];[145  96];[113 103];[149 110];[82 97];[163 129];[82 86];[173 151];[116 149];[138 150];[118 180];[142 179];[107 210];[158 204];
[130  95];[131  92];[132  92];[130  92];[145  95];[113 103];[151 110];[83 96];[163 131];[83 84];[166 155];[117 150];[140 151];[119 181];[142 178];[113 211];[153 203];
[131  95];[131  92];[133  93];[129  92];[146  96];[113 103];[151 111];[83 96];[157 138];[85 83];[153 160];[118 151];[140 152];[119 181];[141 181];[116 211];[148 209];
[130  95];[130  92];[132  92];[130  93];[146  96];[114 104];[151 111];[84 96];[158 133];[87 82];[155 150];[118 150];[141 151];[119 180];[140 180];[119 211];[138 204];
[131  94];[131  92];[133  92];[129  92];[147  96];[114 103];[153 110];[83 95];[169 128];[87 82];[185 143];[118 151];[142 152];[119 182];[139 178];[124 214];[130 199];
[131  95];[131  92];[132  93];[130  93];[147  96];[115 103];[154 110];[85 94];[170 126];[89 81];[185 142];[118 151];[142 152];[118 181];[143 177];[123 212];[126 196];
[131  95];[131  93];[132  93];[131  93];[148  95];[116 103];[158 109];[86 94];[180 126];[90 82];[194 143];[121 151];[145 151];[120 181];[146 176];[127 211];[130 197];
[130  95];[131  92];[132  93];[131  93];[148  95];[116 102];[157 109];[87 94];[178 126];[91 82];[194 142];[120 151];[144 152];[117 180];[146 175];[126 209];[130 198];
[131  95];[132  92];[133  92];[133  93];[149  95];[118 102];[159 109];[88 94];[180 126];[93 82];[195 141];[121 148];[145 150];[117 180];[145 178];[124 209];[129 201];
[132  95];[133  92];[134  92];[133  93];[150  95];[118 102];[159 109];[88 93];[182 126];[95 81];[196 143];[121 147];[145 149];[116 178];[144 175];[122 206];[133 203];
[132  94];[132  91];[133  92];[134  92];[151  94];[120 102];[161 109];[90 92];[183 126];[96 80];[198 142];[122 148];[146 150];[116 177];[143 178];[118 205];[137 206];
[132  93];[133  91];[133  91];[135  92];[150  93];[121 102];[161 109];[90 92];[182 126];[96 79];[198 140];[122 147];[146 148];[113 177];[144 178];[113 209];[139 210];
[132  91];[133  89];[134  89];[134  89];[150  92];[119 100];[161 108];[88 91];[183 125];[95 78];[200 141];[121 147];[146 149];[111 177];[145 179];[107 208];[142 209];
[132  90];[133  88];[133  88];[135  89];[151  91];[120 100];[162 107];[89 90];[185 125];[95 77];[201 141];[121 146];[146 148];[109 177];[144 178];[103 209];[144 209];
[131  91];[132  89];[133  89];[135  89];[151  90];[121  99];[162 106];[89 89];[184 123];[95 76];[199 137];[121 143];[146 145];[108 175];[142 177];[101 207];[145 209];
[131  90];[132  87];[133  88];[134  88];[151  90];[119  98];[161 106];[88 88];[183 124];[94 75];[200 140];[121 145];[146 147];[107 176];[140 177];[103 207];[146 208];
[131  90];[132  87];[133  87];[133  88];[150  90];[118  99];[160 106];[87 88];[181 122];[94 74];[197 138];[120 145];[145 147];[106 176];[141 177];[109 206];[149 208];
[130  91];[130  88];[131  88];[133  88];[149  90];[118  98];[160 106];[86 87];[182 122];[93 74];[196 137];[120 146];[145 147];[104 176];[143 177];[114 206];[153 208];
[129  90];[130  87];[131  87];[131  87];[149  90];[115  97];[158 106];[85 86];[181 123];[92 73];[197 138];[118 145];[144 147];[103 176];[143 177];[118 206];[156 209];
[128  90];[128  87];[129  87];[131  87];[148  89];[115  97];[158 105];[84 86];[181 123];[92 72];[196 140];[118 146];[143 147];[106 176];[140 178];[118 207];[156 208];
[127  89];[128  86];[129  86];[129  86];[147  88];[114  97];[158 105];[83 85];[181 123];[92 71];[195 139];[117 144];[142 146];[109 176];[138 177];[114 207];[156 206];
[126  87];[126  84];[127  85];[128  84];[146  87];[112  95];[156 104];[82 84];[179 121];[91 70];[193 138];[116 146];[136 148];[122 177];[122 177];[144 206];[116 206];
[124  88];[124  85];[125  85];[127  85];[145  87];[112  96];[156 104];[81 84];[180 122];[90 70];[194 139];[115 147];[138 149];[114 177];[127 175];[108 209];[142 205];
[122  87];[123  84];[124  84];[126  84];[144  86];[111  96];[156 104];[81 83];[180 122];[89 70];[193 140];[116 146];[139 148];[110 178];[125 172];[103 213];[141 201];
[121  88];[121  84];[122  84];[125  84];[144  86];[111  97];[157 104];[80 83];[181 122];[88 70];[193 140];[115 147];[140 148];[109 179];[123 171];[106 215];[127 202];
[120  87];[121  83];[122  84];[125  83];[143  85];[112  95];[156 102];[80 82];[180 121];[89 69];[194 138];[114 146];[138 147];[111 178];[124 172];[109 213];[114 204];
[116  89];[118  86];[118  86];[121  86];[139  87];[109  98];[154 104];[77 85];[176 123];[86 72];[189 141];[113 149];[137 149];[107 181];[118 173];[108 215];[112 204];
[113  91];[114  88];[114  88];[118  88];[135  88];[106 100];[149 105];[75 87];[172 124];[84 74];[185 141];[111 151];[133 151];[105 182];[108 176];[108 214];[ 93 202];
[109  92];[110  90];[110  90];[114  91];[130  92];[102 102];[142 108];[73 89];[165 125];[81 76];[178 142];[104 153];[125 155];[ 97 183];[106 182];[101 212];[ 92 205];
[107  96];[108  94];[108  93];[112  94];[127  96];[100 104];[136 112];[72 93];[156 121];[79 80];[151 113];[102 152];[123 154];[ 90 183];[101 184];[ 95 211];[ 90 209];
[103  99];[104  97];[104  96];[108  97];[124  97];[ 99 107];[139 113];[69 97];[163 130];[77 84];[175 146];[101 153];[123 155];[ 86 182];[100 182];[ 88 211];[ 90 209];
[100 102];[102  99];[102  99];[107 100];[122  99];[ 98 110];[136 115];[ 67 100];[159 132];[74 87];[172 149];[100 153];[120 154];[ 83 182];[ 99 180];[ 86 214];[ 90 212];
[ 98 104];[ 99 102];[100 102];[103 102];[119 102];[ 95 111];[133 116];[ 65 102];[157 133];[75 89];[170 149];[ 98 153];[119 155];[ 79 181];[ 98 181];[ 76 212];[ 93 213];
[ 97 107];[ 98 105];[ 98 104];[101 104];[116 104];[ 93 112];[130 118];[ 64 105];[156 136];[74 94];[167 152];[ 98 156];[119 158];[ 78 180];[ 96 181];[ 73 211];[ 96 213];
[ 96 108];[ 97 106];[ 97 106];[101 105];[115 106];[ 92 114];[128 119];[ 64 107];[152 135];[73 96];[165 152];[ 97 159];[118 161];[ 75 181];[ 97 183];[ 75 209];[ 96 213];
[ 94 111];[ 95 108];[ 95 108];[ 99 108];[114 108];[ 91 116];[128 121];[ 62 110];[151 137];[73 99];[162 152];[ 96 160];[118 162];[ 74 183];[101 186];[ 81 209];[ 97 214];
[ 92 114];[ 92 111];[ 93 111];[ 96 110];[113 110];[ 90 117];[127 123];[ 61 112];[150 139];[ 71 103];[161 153];[ 96 161];[119 163];[ 74 183];[104 187];[ 84 210];[ 98 215];
[ 92 115];[ 92 113];[ 93 112];[ 96 111];[112 111];[ 89 118];[126 124];[ 60 114];[148 141];[ 70 105];[160 155];[ 96 161];[119 163];[ 73 184];[109 187];[ 87 211];[ 98 215];
[ 91 114];[ 92 112];[ 92 112];[ 95 112];[110 113];[ 87 120];[124 126];[ 60 116];[146 143];[ 72 108];[159 157];[ 98 162];[120 164];[ 74 186];[112 185];[ 89 214];[102 214];
[ 90 117];[ 91 115];[ 92 115];[ 93 115];[110 115];[ 86 122];[122 128];[ 60 117];[143 143];[ 72 111];[156 156];[ 96 164];[119 165];[ 76 186];[112 191];[ 90 214];[102 215];
[ 89 119];[ 90 117];[ 90 117];[ 92 116];[108 116];[ 85 124];[121 128];[ 59 118];[141 143];[ 75 111];[154 158];[ 94 164];[116 165];[ 78 188];[112 191];[ 87 212];[107 215];
[ 87 118];[ 88 116];[ 88 116];[ 91 116];[106 115];[ 84 124];[118 128];[ 58 119];[139 143];[ 72 112];[151 155];[ 93 163];[114 163];[ 81 189];[111 188];[ 80 215];[112 213];
[ 88 119];[ 89 117];[ 89 117];[ 91 117];[106 117];[ 83 125];[117 129];[ 58 119];[138 144];[ 73 112];[150 156];[ 92 163];[112 163];[ 83 189];[110 187];[ 77 216];[115 212];
[ 86 118];[ 87 115];[ 87 115];[ 91 116];[104 116];[ 82 125];[116 128];[ 56 120];[138 143];[ 72 111];[149 156];[ 90 164];[111 164];[ 81 190];[111 187];[ 75 217];[113 214];
[ 85 118];[ 86 116];[ 87 115];[ 88 116];[104 116];[ 81 125];[116 128];[ 55 119];[137 141];[ 72 111];[147 151];[ 90 162];[112 163];[ 79 189];[111 190];[ 74 216];[109 212];
[ 84 118];[ 85 115];[ 85 115];[ 88 116];[102 116];[ 80 125];[114 127];[ 55 119];[136 140];[ 71 112];[148 150];[ 91 165];[113 165];[ 80 188];[115 184];[ 72 215];[105 209];
[ 83 118];[ 85 115];[ 84 115];[ 88 116];[102 117];[ 79 126];[115 128];[ 54 120];[139 141];[ 70 110];[149 154];[ 93 170];[115 170];[ 79 207];[100 205];[ 92 219];[102 219];
[ 84 118];[ 85 116];[ 86 115];[ 89 117];[103 116];[ 80 124];[117 127];[ 55 119];[141 139];[ 67 111];[150 150];[ 93 163];[115 164];[ 84 187];[110 191];[ 72 213];[ 96 214];
[ 84 118];[ 85 116];[ 85 116];[ 89 117];[103 116];[ 83 126];[117 128];[ 56 119];[142 137];[ 66 110];[150 148];[ 94 163];[114 164];[ 87 188];[108 192];[ 73 212];[ 94 216];
[ 84 119];[ 85 116];[ 85 116];[ 90 116];[101 115];[ 84 126];[117 128];[ 56 120];[141 137];[ 65 111];[150 144];[ 95 166];[112 166];[ 90 189];[104 192];[ 74 213];[ 88 216];
[ 83 119];[ 84 117];[ 84 117];[ 89 117];[101 116];[ 84 126];[116 127];[ 56 119];[141 135];[ 63 110];[151 142];[ 96 166];[109 165];[ 98 190];[103 189];[ 86 214];[ 84 213];
[105 138];[107 135];[102 136];[111 127];[ 94 128];[118 127];[ 82 127];[135 130];[ 56 120];[148 137];[ 63 110];[114 162];[ 96 163];[110 185];[108 183];[ 90 213];[ 86 214];
[ 83 120];[ 85 117];[ 84 117];[ 90 118];[101 116];[ 82 125];[116 126];[ 57 120];[142 134];[ 62 112];[155 141];[ 96 165];[111 165];[110 184];[108 185];[106 212];[ 86 214];
[ 85 119];[ 85 117];[ 86 117];[ 88 117];[100 115];[ 83 125];[116 125];[ 59 120];[140 132];[ 63 112];[153 136];[ 98 164];[114 163];[112 188];[108 191];[117 213];[ 82 213];
[ 85 119];[ 86 117];[ 86 117];[ 90 117];[100 115];[ 83 126];[116 125];[ 59 120];[137 131];[ 63 111];[152 133];[ 98 166];[114 165];[116 188];[112 190];[128 211];[ 83 211];
[ 85 119];[ 86 117];[ 86 117];[ 91 117];[103 115];[ 85 127];[119 126];[ 60 121];[143 133];[ 63 111];[156 137];[105 168];[120 167];[120 192];[112 190];[139 213];[ 84 210];
[ 87 119];[ 88 117];[ 87 117];[ 94 118];[104 116];[ 87 128];[122 126];[ 61 121];[146 133];[ 65 110];[156 135];[106 169];[122 168];[122 193];[115 194];[142 213];[ 86 211];
[ 88 120];[ 89 118];[ 90 118];[ 95 119];[107 117];[ 89 128];[124 127];[ 63 121];[151 132];[ 67 109];[144 130];[105 169];[123 168];[121 192];[120 193];[136 214];[ 93 210];
[ 89 120];[ 91 118];[ 90 117];[ 97 120];[110 117];[ 90 129];[127 127];[ 64 121];[153 132];[ 66 109];[156 133];[107 171];[127 169];[120 191];[126 189];[132 215];[102 210];
[ 88 120];[ 89 118];[ 89 117];[ 95 119];[108 116];[ 89 128];[126 127];[ 62 121];[155 133];[ 66 109];[158 136];[106 168];[126 167];[118 192];[129 190];[128 214];[105 212];
[ 87 120];[ 88 118];[ 88 118];[ 93 118];[107 115];[ 88 127];[125 125];[ 61 121];[154 133];[ 66 108];[163 135];[105 167];[124 164];[115 194];[133 187];[120 216];[110 207];
[ 87 120];[ 88 117];[ 88 117];[ 94 118];[107 114];[ 88 126];[125 124];[ 61 121];[155 131];[ 64 110];[163 134];[104 164];[125 161];[111 192];[135 186];[113 216];[113 206];
[ 87 121];[ 89 118];[ 87 118];[ 94 118];[106 115];[ 88 126];[125 125];[ 60 122];[155 131];[ 62 111];[157 133];[104 167];[124 164];[112 194];[136 184];[114 214];[115 203];
[ 87 120];[ 88 117];[ 87 117];[ 92 118];[107 115];[ 87 128];[125 125];[ 59 122];[154 130];[ 60 110];[154 133];[104 167];[124 163];[112 192];[133 184];[113 216];[117 200];
[ 85 119];[ 86 117];[ 86 116];[ 91 117];[105 115];[ 85 128];[120 126];[ 58 121];[151 129];[ 59 109];[150 128];[108 170];[125 169];[115 193];[121 192];[115 217];[116 215];
[ 87 118];[ 88 116];[ 88 116];[ 92 117];[106 115];[ 86 127];[121 126];[ 58 120];[150 127];[ 58 109];[151 127];[103 167];[122 165];[112 190];[125 185];[109 216];[118 208];
[ 86 118];[ 87 116];[ 87 116];[ 90 114];[104 112];[ 86 125];[118 123];[ 57 119];[144 126];[ 58 108];[153 124];[104 165];[123 162];[110 190];[128 182];[105 215];[127 202];
[ 85 117];[ 85 115];[ 85 114];[ 88 113];[100 111];[ 83 123];[115 121];[ 56 118];[141 126];[ 58 108];[149 124];[104 163];[123 160];[107 190];[127 179];[103 215];[127 201];
[ 83 116];[ 84 114];[ 84 113];[ 87 113];[100 111];[ 85 124];[115 122];[ 56 118];[140 124];[ 57 108];[145 122];[105 163];[123 160];[106 189];[127 184];[104 215];[128 209];
[ 81 114];[ 82 111];[ 82 111];[ 84 112];[ 99 110];[ 81 123];[114 121];[ 54 118];[143 124];[ 56 108];[130 124];[104 162];[125 160];[104 190];[128 187];[108 215];[130 212];
[ 81 118];[ 82 116];[ 82 116];[ 83 115];[ 96 113];[ 79 124];[111 121];[ 53 118];[139 125];[ 54 107];[133 127];[104 159];[123 156];[103 189];[128 187];[112 214];[134 214];
[ 81 118];[ 81 115];[ 81 115];[ 83 115];[ 96 113];[ 80 125];[111 121];[ 53 118];[138 124];[ 53 106];[132 127];[104 161];[123 159];[ 99 189];[129 188];[114 214];[138 214];
[ 80 119];[ 81 116];[ 80 116];[ 83 115];[ 95 113];[ 80 124];[110 122];[ 54 119];[135 124];[ 52 108];[135 124];[104 161];[122 158];[ 99 190];[129 187];[113 214];[140 214];
[ 80 118];[ 80 116];[ 80 116];[ 83 116];[ 96 113];[ 79 124];[111 122];[ 53 119];[138 124];[ 51 108];[134 124];[103 161];[122 159];[ 98 190];[131 189];[111 216];[143 216];
[ 81 118];[ 81 116];[ 81 116];[ 84 115];[ 96 114];[ 78 123];[111 122];[ 52 118];[136 124];[ 48 108];[138 126];[103 160];[120 158];[ 99 189];[125 188];[107 216];[141 214];
[ 86 118];[ 87 116];[ 86 116];[ 91 116];[102 114];[ 83 124];[115 123];[ 57 119];[139 123];[ 52 110];[146 124];[105 162];[124 159];[103 191];[137 187];[109 218];[145 216];
[ 91 118];[ 92 115];[ 92 115];[ 96 116];[112 114];[ 91 126];[128 125];[ 60 120];[154 127];[ 53 108];[150 124];[109 167];[133 164];[102 189];[153 185];[112 216];[149 214];
[ 99 117];[100 115];[100 115];[105 117];[118 116];[ 93 126];[130 125];[ 64 120];[151 124];[ 55 106];[148 124];[113 167];[135 165];[116 190];[162 185];[115 218];[153 213];
[108 117];[109 115];[109 115];[112 117];[125 116];[ 98 124];[135 125];[ 67 119];[161 126];[ 55 106];[165 129];[124 164];[134 163];[156 187];[137 191];[138 216];[133 217];
[114 114];[115 112];[115 112];[117 112];[131 112];[105 124];[145 123];[ 75 120];[170 128];[ 58 108];[167 131];[122 165];[146 162];[124 191];[172 185];[122 221];[159 214];
[121 114];[122 112];[122 112];[124 112];[139 112];[113 124];[152 124];[ 82 121];[180 130];[ 62 111];[189 130];[127 165];[151 163];[132 191];[176 186];[126 221];[158 215];
[128 114];[129 112];[129 112];[133 113];[147 113];[121 125];[160 125];[ 89 122];[187 132];[ 65 113];[190 136];[133 165];[157 163];[138 192];[179 187];[131 221];[161 216];
[136 114];[136 112];[138 112];[139 113];[156 113];[127 124];[167 125];[ 94 123];[194 131];[ 67 114];[198 134];[136 164];[160 163];[143 192];[178 187];[136 222];[163 218];
[142 113];[142 110];[144 110];[144 111];[161 110];[132 122];[171 123];[ 99 123];[198 132];[ 71 115];[200 137];[139 164];[162 163];[147 192];[181 188];[140 224];[166 218];
[148 113];[148 110];[149 110];[149 110];[165 110];[137 122];[176 123];[104 123];[200 133];[ 74 116];[208 133];[144 165];[167 163];[151 194];[185 190];[144 226];[172 221];
[160 113];[160 110];[160 110];[155 111];[170 111];[141 122];[180 125];[108 121];[197 139];[ 77 115];[207 137];[147 163];[171 162];[154 194];[190 188];[148 227];[176 220];
[161 112];[162 110];[162 110];[162 110];[177 111];[149 122];[187 126];[114 121];[203 142];[ 81 114];[212 138];[153 166];[176 166];[159 195];[193 189];[153 227];[181 219];
[166 112];[167 109];[167 110];[169 110];[184 112];[155 122];[191 126];[119 120];[209 138];[ 87 113];[221 132];[158 167];[180 166];[163 197];[195 190];[156 228];[186 220];
[172 113];[173 111];[173 111];[172 111];[188 112];[158 121];[195 128];[122 119];[212 141];[ 90 112];[224 133];[162 166];[184 166];[165 197];[199 194];[158 229];[191 223];
[177 113];[177 111];[178 111];[177 112];[194 114];[162 122];[200 129];[127 119];[220 139];[ 95 111];[229 136];[166 166];[188 167];[168 198];[199 197];[161 228];[196 227];
[181 112];[182 110];[183 110];[182 111];[198 112];[166 120];[203 127];[131 117];[222 141];[ 99 109];[236 137];[168 166];[189 167];[171 199];[200 196];[166 230];[206 225];
[193 114];[194 111];[192 111];[182 110];[195 111];[165 119];[204 126];[132 115];[226 141];[100 108];[246 143];[167 165];[190 165];[170 199];[198 197];[165 230];[207 224];
[183 114];[183 111];[184 111];[180 111];[196 114];[163 120];[201 128];[129 113];[221 141];[100 104];[226 132];[165 164];[187 165];[168 198];[194 196];[164 228];[203 224];
[186 117];[186 114];[186 114];[179 111];[192 114];[159 119];[195 129];[128 112];[213 143];[101 102];[231 146];[162 163];[183 164];[164 197];[189 196];[161 226];[197 224];
[180 115];[183 113];[179 112];[188 115];[178 112];[197 131];[158 120];[219 142];[129 112];[241 154];[100 105];[182 166];[159 164];[189 194];[163 194];[196 224];[160 226];
[186 117];[186 115];[186 115];[176 111];[189 115];[157 119];[191 131];[127 112];[200 154];[ 99 101];[207 172];[158 162];[178 164];[159 197];[184 196];[159 226];[191 224];
[181 115];[181 113];[181 113];[173 109];[185 113];[153 118];[186 128];[123 111];[197 147];[ 96 101];[206 160];[154 162];[175 163];[155 194];[181 194];[159 222];[187 223];
[181 118];[181 115];[180 115];[171 111];[181 114];[149 118];[185 128];[119 112];[204 146];[ 91 101];[225 159];[151 161];[172 163];[149 192];[177 194];[158 216];[184 222];
[176 116];[178 114];[175 113];[170 112];[173 113];[145 120];[178 127];[112 113];[183 139];[ 86 102];[163 134];[151 162];[170 164];[147 190];[170 192];[160 212];[180 217];
[161 115];[162 112];[162 112];[160 112];[173 115];[143 119];[180 129];[110 114];[192 146];[ 85 103];[192 157];[150 160];[173 163];[133 186];[172 192];[156 204];[181 220];
[156 113];[157 111];[156 111];[156 112];[168 114];[138 120];[176 128];[108 119];[195 146];[ 89 108];[210 162];[149 163];[171 165];[131 186];[169 190];[154 204];[181 218];
[150 113];[151 111];[150 111];[147 112];[159 113];[134 121];[165 127];[106 122];[181 140];[ 95 112];[184 145];[146 164];[165 165];[128 186];[167 190];[151 205];[181 216];
[143 115];[144 113];[143 113];[145 113];[155 114];[131 122];[162 128];[105 124];[180 143];[102 120];[192 158];[142 164];[161 165];[127 189];[163 189];[149 210];[181 216];
[143 116];[143 114];[141 114];[136 115];[140 114];[125 123];[144 127];[106 124];[167 145];[105 125];[185 157];[145 164];[147 165];[155 190];[133 189];[178 214];[153 212];
[130 117];[130 114];[129 114];[128 115];[138 114];[121 124];[146 125];[106 134];[167 142];[116 127];[181 155];[138 164];[155 163];[128 190];[162 188];[139 215];[181 213];
[121 118];[123 115];[121 115];[127 116];[132 116];[119 127];[142 128];[106 135];[161 143];[119 127];[174 159];[136 165];[152 164];[124 189];[159 188];[137 214];[177 212];
[116  97];[117  94];[117  94];[120  93];[135  93];[111 105];[148 105];[ 94 124];[171 124];[106 127];[187 142];[133 150];[157 149];[118 182];[162 182];[138 211];[184 210];
[118  95];[119  92];[119  92];[123  92];[138  92];[112 106];[152 106];[ 95 126];[171 126];[ 96 141];[178 135];[132 152];[157 151];[116 182];[163 182];[138 209];[185 209];
[122  93];[123  90];[123  91];[125  92];[140  92];[114 107];[151 107];[ 96 126];[172 122];[111 121];[168 125];[130 150];[154 150];[117 181];[161 182];[139 208];[186 208];
[123  91];[124  88];[124  88];[126  90];[142  91];[114 107];[155 105];[ 95 128];[176 120];[105 125];[168 137];[129 150];[155 149];[119 178];[162 179];[134 207];[183 207];
[132  94];[131  91];[134  92];[126  92];[145  92];[115 108];[156 105];[ 94 129];[179 118];[ 94 131];[169 128];[127 151];[154 149];[125 179];[164 177];[128 209];[177 203];
[137  94];[136  90];[139  91];[128  92];[147  92];[116 109];[158 107];[ 94 129];[181 118];[ 90 131];[171 125];[127 151];[154 150];[129 177];[168 174];[122 208];[167 202];
[145  95];[143  92];[146  93];[131  95];[149  94];[122 109];[160 107];[102 124];[186 116];[ 85 135];[191 117];[128 150];[152 149];[134 175];[172 170];[120 206];[164 201];
[156  98];[154  95];[155  95];[133  96];[152  96];[122 108];[161 108];[102 123];[185 117];[ 82 135];[190 117];[125 150];[149 149];[135 177];[174 172];[122 207];[159 199];
[158 100];[157  97];[157  97];[137  96];[154  97];[124 108];[162 108];[104 120];[187 117];[ 85 134];[198 119];[125 149];[149 148];[135 177];[174 172];[124 206];[157 199];
[160  99];[159  96];[159  97];[139  94];[157  96];[126 107];[163 108];[105 121];[187 118];[ 85 132];[196 117];[125 148];[148 147];[136 176];[172 173];[128 207];[156 202];
[161  97];[159  94];[160  95];[141  94];[159  95];[127 107];[165 108];[107 122];[188 117];[ 88 130];[200 116];[125 146];[149 146];[137 176];[170 172];[132 208];[159 203];
[159  96];[158  93];[159  94];[141  93];[159  95];[127 107];[165 108];[109 123];[187 117];[ 92 129];[196 115];[129 145];[152 145];[137 176];[166 172];[135 207];[168 200];
[158  96];[156  93];[158  93];[141  93];[160  94];[130 107];[166 108];[111 124];[188 117];[ 98 129];[189 116];[130 147];[153 147];[137 178];[165 176];[138 208];[177 205];
[147  95];[146  92];[149  93];[140  92];[158  94];[127 107];[165 108];[115 129];[188 118];[113 147];[188 116];[131 147];[153 147];[136 179];[160 177];[139 210];[182 200];
[145  96];[144  93];[146  93];[140  93];[158  95];[126 107];[166 109];[112 127];[190 118];[103 125];[189 114];[131 151];[155 152];[136 182];[159 180];[142 211];[185 199];
[145  96];[144  93];[147  93];[139  93];[158  95];[126 107];[165 111];[113 127];[188 121];[109 126];[209 124];[131 150];[153 151];[135 179];[156 180];[143 209];[187 200];
[148  97];[146  94];[149  94];[139  94];[158  97];[125 108];[164 111];[114 131];[186 123];[115 148];[207 126];[130 151];[152 152];[134 179];[154 182];[146 207];[186 201];
[151  97];[149  94];[152  94];[138  94];[156  95];[124 108];[160 108];[113 131];[180 119];[113 150];[203 125];[131 152];[152 152];[138 184];[156 183];[149 210];[185 203];
[156  97];[153  94];[156  94];[137  93];[156  95];[124 108];[161 107];[109 129];[181 119];[112 131];[205 125];[135 152];[153 151];[149 184];[148 182];[191 206];[155 209];
[150  98];[149  95];[151  95];[137  95];[155  95];[124 109];[161 109];[107 129];[181 119];[ 94 129];[206 122];[134 156];[156 156];[140 185];[155 186];[153 213];[191 204];
[152  98];[150  94];[153  95];[135  94];[155  95];[123 109];[162 108];[103 127];[186 116];[ 88 131];[210 117];[134 154];[156 153];[140 183];[161 182];[155 212];[192 201];
[144  97];[142  94];[145  95];[133  95];[154  96];[120 110];[163 108];[ 95 125];[192 112];[ 69 129];[222 112];[134 155];[158 153];[144 187];[165 181];[158 216];[194 198];
[137  98];[136  94];[139  95];[132  95];[153  96];[119 109];[162 108];[ 89 123];[193 111];[ 60 125];[217 109];[136 154];[160 152];[145 185];[171 181];[158 213];[186 205];
[138  97];[137  94];[139  95];[132  95];[151  96];[118 108];[160 107];[ 88 119];[188 109];[ 59 119];[206 108];[136 149];[160 147];[148 180];[179 174];[163 210];[173 200];
[134  96];[134  94];[135  94];[131  95];[152  96];[119 107];[163 107];[ 88 115];[198 109];[ 58 115];[215 114];[136 150];[161 147];[156 178];[185 173];[163 204];[163 192];
[135  97];[135  95];[136  95];[131  96];[151  96];[120 107];[165 107];[ 91 113];[200 110];[ 60 111];[199 115];[138 150];[162 147];[161 176];[185 173];[166 203];[163 193];
[129  97];[130  95];[131  94];[133  96];[149  95];[122 108];[166 107];[ 95 112];[194 115];[ 64 110];[186 128];[137 153];[161 152];[166 173];[178 175];[173 208];[143 202];
[124  98];[126  96];[126  95];[132  97];[147  96];[123 108];[165 109];[ 99 111];[193 117];[ 71 108];[201 126];[137 153];[159 153];[166 174];[166 179];[179 209];[135 207];
[124 101];[126  98];[124  98];[134  99];[142  96];[129 109];[161 108];[106 111];[189 119];[ 78 108];[204 122];[143 154];[157 153];[166 180];[158 183];[187 210];[129 212];
[123 103];[126 101];[123 100];[137 103];[137  99];[133 114];[156 108];[110 114];[173 122];[ 83 109];[167 130];[144 157];[153 154];[164 186];[154 186];[195 210];[127 215];
[122 106];[125 103];[121 103];[135 104];[134  99];[138 114];[148 107];[112 118];[150 113];[ 86 111];[133 108];[147 159];[146 156];[153 187];[161 186];[124 214];[195 212];
[120 107];[122 104];[120 104];[130 104];[139 103];[131 114];[155 115];[113 119];[175 130];[ 88 114];[167 142];[139 159];[148 159];[155 187];[148 187];[143 214];[140 215];
[120 106];[122 103];[121 103];[130 103];[140 103];[128 113];[152 115];[112 122];[165 134];[ 87 116];[164 149];[137 158];[150 158];[158 185];[150 185];[180 212];[130 215];
[121 104];[122 101];[121 101];[128 101];[140 101];[123 111];[151 114];[105 124];[170 130];[ 82 118];[157 130];[136 159];[152 160];[151 185];[147 187];[170 213];[131 216];
[121 103];[122 100];[121 100];[127  99];[139  99];[120 109];[151 112];[101 124];[167 130];[ 79 118];[159 132];[131 158];[149 159];[144 186];[147 188];[157 212];[131 216];
[121 100];[121  97];[122  97];[127  96];[141  96];[118 108];[153 109];[ 97 124];[170 126];[ 74 117];[158 130];[128 155];[150 155];[136 184];[152 182];[142 212];[140 209];
[121 100];[122  96];[123  97];[125  96];[142  96];[116 108];[155 108];[ 93 125];[173 122];[ 73 118];[165 128];[125 153];[151 154];[126 177];[158 179];[131 206];[144 209];
[122  99];[123  96];[123  96];[128  96];[141  97];[115 108];[154 110];[ 92 126];[172 128];[ 74 118];[166 134];[121 153];[148 154];[116 179];[162 179];[116 208];[146 209];
[123  99];[124  96];[124  96];[127  97];[142  97];[114 110];[153 112];[ 91 127];[170 131];[ 76 118];[182 132];[119 154];[147 154];[106 179];[168 177];[106 210];[152 208];
[122 103];[124 100];[123 100];[129  99];[143 100];[116 112];[157 116];[ 92 129];[168 140];[ 79 119];[162 155];[121 154];[150 156];[ 99 177];[169 180];[ 97 212];[154 211];
[123 104];[125 101];[124 101];[128 102];[144 102];[114 115];[158 118];[ 89 131];[177 137];[ 80 117];[192 136];[118 159];[149 160];[ 92 181];[170 182];[ 88 215];[156 215];
[123 107];[124 105];[125 105];[127 105];[144 106];[114 118];[155 121];[ 90 133];[181 137];[ 82 120];[205 134];[116 163];[145 165];[ 88 182];[174 184];[ 77 216];[157 215];
[123 110];[124 108];[125 108];[126 108];[143 108];[112 121];[153 123];[ 90 136];[177 140];[ 84 123];[203 137];[114 166];[143 167];[ 79 184];[178 185];[ 78 216];[159 216];
[122 115];[123 113];[124 112];[125 112];[143 113];[110 125];[154 127];[ 88 139];[183 143];[ 86 125];[208 137];[112 168];[143 170];[ 74 185];[181 186];[ 80 217];[159 217];
[124 117];[124 114];[125 114];[125 114];[142 115];[109 126];[151 129];[ 88 140];[183 141];[ 91 127];[209 136];[108 170];[138 172];[ 72 185];[182 186];[ 80 217];[160 217];
[126 117];[126 115];[128 115];[124 115];[143 116];[110 125];[153 129];[ 88 139];[183 142];[ 92 125];[207 136];[111 168];[142 170];[ 74 185];[181 186];[ 82 217];[162 217];
[131 115];[130 113];[132 113];[125 112];[144 113];[111 122];[152 124];[ 91 137];[180 142];[ 94 122];[202 135];[112 164];[142 165];[ 77 185];[180 185];[ 84 218];[165 217];
[146 129];[145 126];[147 126];[144 126];[160 127];[133 135];[168 137];[116 146];[191 149];[118 133];[207 142];[135 169];[160 170];[109 187];[186 187];[112 214];[175 214];
[143 124];[143 122];[145 122];[144 123];[159 124];[132 131];[167 134];[115 143];[189 145];[118 132];[205 138];[134 167];[159 169];[111 186];[183 186];[112 215];[176 214];
[144 123];[144 120];[146 120];[143 120];[158 121];[131 128];[166 131];[113 140];[189 141];[117 142];[204 136];[133 166];[157 168];[113 184];[180 185];[112 214];[175 213];
[142 120];[142 118];[143 118];[141 117];[157 119];[129 125];[165 128];[112 138];[187 139];[117 136];[200 133];[132 165];[157 167];[113 184];[176 185];[112 214];[174 213];
[142 117];[142 115];[144 115];[140 115];[156 116];[128 123];[165 126];[108 135];[187 136];[114 126];[199 130];[131 164];[156 165];[114 182];[173 183];[111 213];[173 212];
[144 116];[144 114];[145 114];[140 112];[156 113];[129 121];[166 124];[108 130];[186 134];[114 121];[197 129];[131 162];[156 163];[116 183];[170 184];[111 213];[173 212];
[140 113];[139 110];[141 111];[137 109];[153 110];[127 118];[163 120];[109 127];[185 131];[114 119];[195 125];[130 160];[154 160];[119 183];[167 182];[114 212];[171 210];
[138 112];[137 110];[139 110];[135 108];[152 109];[125 117];[162 119];[107 125];[187 129];[113 119];[194 122];[129 160];[154 160];[119 183];[165 183];[114 212];[170 210];
[136 110];[135 108];[137 108];[135 107];[151 108];[124 116];[160 119];[107 124];[185 128];[113 123];[193 122];[129 159];[152 160];[120 184];[162 183];[115 212];[169 209];
[137 109];[137 106];[139 107];[134 105];[149 106];[123 115];[158 116];[106 124];[182 126];[112 116];[191 121];[128 158];[151 158];[122 184];[160 183];[115 212];[169 209];
[135 107];[135 105];[137 105];[132 103];[148 104];[122 113];[158 115];[105 124];[183 124];[109 122];[189 118];[128 155];[151 155];[123 182];[158 182];[115 209];[167 207];
[133 107];[133 105];[135 105];[132 103];[147 104];[122 112];[157 114];[104 124];[184 124];[108 126];[188 117];[126 153];[149 154];[123 181];[156 180];[115 209];[167 207];
[134 105];[133 103];[135 103];[132 102];[148 103];[121 112];[158 114];[104 123];[185 123];[109 118];[186 115];[126 153];[149 153];[124 181];[156 180];[115 209];[167 207];
[132 105];[132 103];[134 103];[131 101];[146 102];[121 110];[157 112];[104 122];[185 121];[108 113];[185 114];[125 152];[148 152];[124 181];[156 180];[114 209];[166 207];
[131 103];[130 100];[132 101];[130  99];[145 100];[120 109];[156 111];[103 119];[183 120];[108 118];[180 110];[125 152];[148 152];[123 180];[156 180];[113 207];[166 206];
[133 102];[133  99];[134  99];[133  99];[146  99];[122 109];[156 111];[104 118];[184 119];[113 119];[181 110];[126 151];[148 152];[124 180];[156 179];[113 208];[167 206];
[132 101];[132  99];[134  99];[131  98];[146  98];[120 107];[156 109];[104 117];[183 118];[115 116];[179 109];[125 150];[148 151];[124 179];[156 179];[113 208];[167 206];
[136 103];[136 100];[137 100];[134  99];[149 100];[123 109];[158 111];[105 118];[184 118];[117 119];[180 109];[127 151];[150 152];[125 180];[158 179];[113 208];[168 207];
[134 100];[133  97];[135  98];[132  96];[148  96];[122 106];[158 108];[105 117];[186 118];[117 120];[180 109];[127 151];[150 152];[126 180];[159 181];[114 209];[169 209];
[134  99];[134  96];[136  96];[132  95];[149  96];[121 106];[158 108];[105 119];[185 118];[118 121];[181 109];[127 151];[151 151];[126 181];[160 181];[115 211];[170 210];
[134  99];[134  97];[135  97];[133  96];[149  96];[121 106];[159 108];[105 119];[183 119];[111 117];[184 110];[127 152];[151 153];[127 182];[160 181];[116 212];[172 211];
[139 100];[138  97];[140  97];[135  96];[152  97];[123 107];[161 109];[105 119];[191 118];[111 119];[184 110];[129 153];[153 153];[127 183];[163 183];[116 213];[174 213];
[136  95];[136  93];[136  93];[131  92];[144  93];[121 105];[150 105];[103 118];[160 119];[103 118];[149 115];[124 149];[143 149];[125 181];[144 181];[117 210];[144 210];
[135  95];[136  92];[136  93];[133  92];[146  93];[123 105];[153 105];[104 119];[168 119];[100 118];[159 113];[127 151];[147 151];[126 183];[148 183];[118 214];[151 213];
[137  95];[138  92];[138  92];[134  91];[147  92];[124 105];[154 105];[105 120];[164 120];[100 118];[151 113];[127 152];[147 152];[126 184];[148 184];[119 215];[148 215];
[139  95];[139  93];[140  93];[135  92];[149  93];[125 105];[157 105];[103 119];[176 118];[ 97 119];[170 113];[129 153];[150 154];[127 186];[151 186];[118 218];[153 218];
[147 105];[148 102];[148 102];[143 101];[163 101];[134 114];[169 114];[114 127];[195 120];[104 124];[187 110];[136 158];[160 158];[132 188];[170 188];[121 218];[180 218];
[148 101];[148  98];[149  98];[143  98];[161  97];[132 110];[169 110];[111 124];[198 118];[100 124];[191 110];[135 157];[160 158];[133 188];[171 189];[121 220];[182 219];
[147 101];[147  98];[148  98];[143  98];[160  96];[130 108];[170 109];[108 122];[199 117];[ 98 124];[193 109];[135 158];[161 158];[133 189];[172 190];[120 221];[183 221];
[142  96];[141  94];[145  94];[138  93];[159  94];[128 105];[171 108];[106 121];[204 118];[ 96 125];[193 109];[136 157];[163 158];[134 191];[172 191];[120 224];[184 223];
[146  97];[145  94];[148  95];[140  93];[161  94];[129 106];[172 108];[108 121];[204 118];[ 97 123];[194 109];[136 158];[163 159];[135 191];[174 191];[121 224];[185 223];
[148  98];[147  95];[151  95];[141  94];[162  94];[130 106];[174 109];[109 122];[205 120];[ 98 127];[197 110];[137 159];[164 160];[135 193];[175 192];[121 226];[186 224];
[147  97];[145  94];[149  94];[141  93];[163  93];[130 105];[175 107];[108 123];[205 118];[ 99 127];[199 110];[138 158];[166 159];[136 193];[176 193];[123 227];[187 225];
[149  96];[147  93];[151  94];[142  92];[165  93];[131 106];[177 108];[110 123];[209 119];[ 99 127];[200 109];[139 159];[167 161];[136 194];[178 194];[122 228];[188 226];
[147  96];[145  93];[149  94];[141  92];[163  93];[131 105];[175 107];[111 123];[206 119];[ 99 127];[198 109];[138 158];[166 159];[136 193];[176 192];[122 226];[187 224];
[145  97];[143  94];[147  95];[141  93];[163  94];[130 106];[175 109];[111 122];[206 120];[ 97 126];[196 109];[137 159];[165 160];[135 193];[175 193];[122 226];[186 224];
[143  98];[142  95];[146  95];[140  94];[162  95];[130 106];[174 109];[111 123];[204 120];[ 97 128];[194 109];[137 158];[164 159];[134 192];[173 192];[121 225];[185 223];
[141  97];[140  94];[143  94];[139  93];[161  94];[129 105];[172 109];[111 123];[203 121];[ 96 129];[193 109];[137 157];[163 158];[134 191];[173 191];[120 225];[184 222];
[143  96];[142  93];[146  94];[139  93];[160  94];[129 105];[171 108];[110 122];[200 120];[ 96 129];[193 110];[136 156];[163 157];[133 190];[172 190];[120 222];[183 221];
[142  96];[140  93];[144  93];[138  92];[159  93];[128 105];[170 108];[110 123];[198 120];[ 96 129];[192 112];[136 156];[162 157];[132 189];[171 190];[119 222];[181 221];
[140  96];[139  93];[142  94];[137  92];[157  93];[128 105];[169 108];[111 123];[197 120];[ 97 129];[191 112];[135 156];[161 157];[132 188];[170 188];[118 221];[181 219];
[143  95];[142  93];[146  93];[137  92];[157  93];[128 105];[168 107];[111 123];[195 120];[ 97 129];[190 112];[135 155];[160 156];[131 188];[169 187];[118 221];[180 218];
[143  96];[142  93];[145  94];[137  92];[157  93];[127 104];[167 106];[111 123];[194 120];[ 98 129];[187 113];[134 154];[159 155];[131 187];[167 187];[118 220];[178 217];
[142  96];[141  93];[144  94];[136  93];[155  93];[126 104];[166 106];[111 123];[194 120];[ 97 130];[185 114];[134 153];[159 154];[131 186];[166 186];[118 218];[176 215];
[144  96];[143  93];[146  93];[136  92];[155  93];[126 105];[165 107];[111 122];[191 120];[ 98 130];[190 115];[134 154];[158 154];[130 185];[166 185];[118 216];[176 215];
[144  96];[142  93];[145  94];[135  92];[154  93];[125 104];[164 105];[110 122];[191 120];[ 98 130];[186 114];[133 153];[158 153];[129 184];[165 184];[117 215];[174 214];
