[195 114];[195 111];[196 111];[194 113];[208 112];[184 123];[217 124];[156 126];[235 134];[145 121];[241 134];[191 163];[211 163];[190 186];[215 188];[189 212];[220 214];
[194 113];[194 111];[195 111];[193 112];[209 113];[182 124];[216 127];[153 125];[234 136];[145 120];[233 133];[190 164];[210 164];[192 187];[215 188];[190 211];[219 213];
[191 112];[191 110];[193 110];[190 111];[207 113];[179 124];[214 125];[148 124];[231 136];[140 118];[230 134];[186 165];[207 165];[192 188];[215 188];[188 212];[217 213];
[191 113];[191 111];[192 111];[188 111];[204 112];[174 124];[210 125];[145 124];[229 138];[136 118];[227 135];[181 166];[203 165];[190 189];[216 184];[183 214];[212 211];
[187 111];[187 109];[189 109];[184 111];[201 112];[172 123];[207 124];[143 125];[227 138];[134 117];[233 137];[179 165];[201 164];[185 188];[216 183];[175 214];[206 208];
[185 112];[184 110];[187 111];[182 112];[199 114];[170 125];[205 127];[142 125];[226 138];[132 116];[229 134];[174 165];[196 164];[177 190];[218 183];[171 218];[201 209];
[191 118];[192 116];[191 115];[190 117];[185 115];[201 127];[167 125];[217 128];[140 125];[212 117];[131 118];[194 164];[170 165];[217 184];[170 189];[198 211];[170 218];
[185 116];[186 114];[185 113];[187 117];[180 114];[201 127];[165 124];[224 138];[137 123];[239 145];[130 118];[192 164];[168 164];[215 186];[165 192];[193 213];[167 220];
[177 114];[178 111];[179 112];[175 114];[192 115];[161 124];[200 130];[132 121];[221 141];[125 114];[237 149];[162 163];[186 164];[160 187];[207 185];[159 218];[189 215];
[173 113];[174 111];[175 111];[173 112];[189 115];[158 124];[196 130];[129 122];[213 142];[123 112];[219 152];[160 165];[184 166];[153 187];[199 186];[153 218];[185 216];
[171 113];[171 110];[172 111];[169 112];[185 113];[156 124];[191 128];[127 123];[200 147];[120 115];[200 160];[156 165];[181 166];[148 189];[192 190];[145 218];[180 218];
[164 113];[165 110];[165 111];[167 112];[182 115];[155 125];[189 130];[125 123];[200 145];[118 113];[198 147];[156 168];[179 169];[142 190];[184 191];[135 218];[179 220];
[161 113];[161 111];[162 111];[162 111];[177 114];[150 124];[185 129];[121 122];[200 142];[114 113];[205 145];[152 166];[176 168];[138 191];[180 193];[125 220];[177 222];
[158 114];[159 111];[159 112];[160 112];[174 114];[145 124];[181 129];[115 123];[192 148];[111 113];[200 153];[148 165];[171 167];[133 191];[175 194];[121 219];[175 222];
[153 113];[154 111];[155 111];[154 111];[169 114];[140 123];[175 130];[111 122];[182 152];[107 112];[181 173];[142 165];[165 167];[129 190];[166 194];[120 219];[171 222];
[149 109];[149 107];[150 107];[151 109];[166 110];[139 122];[176 126];[108 118];[196 136];[102 108];[187 126];[140 162];[163 164];[126 186];[159 192];[122 215];[167 220];
[146 107];[147 104];[148 104];[150 106];[165 108];[135 118];[174 124];[103 115];[199 139];[ 97 104];[218 149];[136 161];[159 164];[123 182];[157 190];[126 210];[166 218];
[143 107];[144 105];[145 105];[146 105];[161 107];[130 115];[171 122];[ 98 111];[195 135];[ 94 102];[214 146];[133 159];[157 160];[119 183];[155 188];[130 211];[167 217];
[139 103];[140 101];[141 101];[142 101];[157 104];[126 112];[166 119];[ 94 109];[190 133];[90 98];[209 144];[128 155];[152 158];[115 180];[154 186];[129 209];[167 216];
[136  99];[136  97];[138  97];[138  98];[155 101];[122 109];[161 116];[ 89 105];[185 130];[87 94];[206 143];[124 153];[147 155];[114 181];[151 185];[125 208];[165 213];
[131  95];[132  92];[133  93];[133  94];[149  97];[117 106];[157 112];[ 85 102];[178 126];[84 89];[188 131];[119 149];[143 151];[114 179];[146 181];[116 209];[161 210];
[130  95];[131  93];[132  93];[130  93];[146  95];[114 103];[154 110];[81 98];[177 125];[80 88];[199 140];[118 147];[140 149];[117 179];[143 180];[109 208];[159 207];
[134  96];[134  93];[135  94];[129  92];[145  95];[113 103];[150 109];[82 97];[167 126];[82 86];[185 145];[116 149];[138 150];[118 180];[142 179];[107 210];[157 204];
[130  95];[131  92];[132  93];[130  92];[145  95];[114 103];[150 110];[83 96];[160 132];[83 84];[158 156];[117 150];[140 151];[118 181];[142 178];[113 211];[153 204];
[131  94];[131  92];[133  92];[129  92];[146  95];[113 103];[151 111];[83 95];[157 138];[85 83];[152 160];[118 150];[140 152];[119 181];[141 182];[116 211];[149 209];
[130  94];[130  92];[132  92];[130  93];[146  96];[114 104];[151 111];[84 96];[159 132];[87 82];[156 149];[119 150];[141 151];[119 180];[140 181];[119 211];[138 206];
[132  94];[132  92];[133  92];[129  92];[146  96];[114 103];[153 110];[83 95];[170 128];[87 82];[187 143];[118 151];[141 152];[119 182];[139 178];[124 213];[129 200];
[131  95];[131  92];[132  92];[130  93];[147  96];[115 103];[154 110];[85 94];[171 127];[89 81];[186 143];[118 151];[141 152];[118 181];[143 176];[123 213];[126 196];
[131  95];[131  92];[132  93];[132  93];[148  95];[116 103];[158 109];[86 94];[180 126];[91 82];[194 143];[120 151];[145 151];[120 181];[145 176];[127 211];[130 198];
[130  95];[131  92];[132  92];[131  93];[147  95];[116 102];[156 109];[87 94];[175 125];[92 82];[191 141];[119 150];[143 151];[117 180];[146 175];[125 209];[129 199];
[132  94];[132  92];[133  92];[133  93];[149  95];[118 102];[159 109];[88 94];[180 127];[94 82];[195 141];[121 148];[146 150];[117 180];[145 177];[124 209];[129 201];
[132  95];[133  92];[134  93];[134  93];[150  95];[118 102];[159 109];[89 93];[182 126];[95 81];[196 143];[121 147];[145 149];[117 178];[144 175];[122 206];[133 203];
[132  94];[132  91];[133  91];[134  92];[151  94];[120 102];[161 109];[90 92];[183 126];[96 79];[198 142];[122 148];[146 150];[116 177];[143 178];[118 205];[137 206];
[132  93];[133  90];[134  91];[135  91];[150  93];[121 102];[161 109];[90 92];[182 126];[96 79];[198 141];[122 147];[146 149];[113 177];[144 179];[113 209];[139 211];
[132  91];[133  89];[134  89];[134  89];[150  92];[119 100];[161 108];[88 91];[183 125];[95 78];[200 141];[121 147];[146 149];[111 177];[145 179];[107 208];[142 209];
[132  91];[133  88];[133  88];[135  89];[151  91];[119 100];[162 107];[89 90];[185 125];[95 76];[201 141];[121 146];[146 148];[109 177];[144 178];[103 209];[144 209];
[131  91];[132  88];[133  88];[135  89];[151  90];[121  99];[162 107];[89 89];[184 123];[95 75];[199 138];[122 143];[146 145];[108 175];[142 177];[101 207];[145 209];
[131  90];[132  87];[133  88];[134  88];[151  90];[119  98];[161 106];[88 88];[184 124];[95 74];[200 140];[121 145];[146 147];[107 176];[140 177];[104 207];[146 208];
[131  90];[131  87];[133  88];[133  88];[150  90];[118  99];[160 106];[87 88];[181 122];[94 74];[197 138];[120 145];[145 147];[106 176];[141 177];[109 207];[149 208];
[129  91];[130  88];[131  88];[133  88];[149  90];[118  98];[160 106];[86 87];[182 123];[93 74];[196 138];[120 146];[146 147];[104 176];[143 178];[114 206];[153 208];
[129  90];[129  87];[131  87];[131  87];[149  89];[116  97];[158 106];[85 86];[181 123];[92 72];[197 138];[118 145];[144 147];[103 176];[143 177];[118 206];[156 209];
[128  90];[128  87];[129  87];[131  86];[148  88];[115  97];[158 105];[84 86];[181 123];[92 72];[197 140];[118 145];[143 147];[106 176];[140 178];[118 207];[156 208];
[127  89];[128  86];[129  86];[130  86];[147  88];[114  97];[158 105];[84 85];[181 123];[92 71];[195 139];[117 144];[142 146];[109 175];[138 177];[114 207];[156 206];
[126  87];[126  84];[128  84];[128  84];[146  87];[112  95];[156 104];[82 84];[179 121];[90 70];[194 138];[114 146];[138 148];[113 177];[134 177];[106 209];[154 204];
[124  88];[125  85];[126  85];[127  84];[145  87];[112  96];[156 104];[81 84];[180 122];[90 70];[194 139];[115 147];[138 149];[116 177];[126 176];[115 209];[137 205];
[123  87];[123  84];[124  84];[126  83];[145  86];[112  96];[156 104];[81 83];[180 122];[89 69];[193 139];[116 146];[139 148];[110 178];[126 172];[103 213];[141 201];
[121  88];[122  84];[122  84];[125  84];[144  86];[111  97];[157 104];[80 83];[181 122];[88 70];[193 140];[115 147];[140 148];[109 180];[123 171];[106 215];[127 203];
[120  87];[121  84];[122  84];[125  83];[143  85];[112  96];[156 102];[80 82];[180 120];[90 69];[194 138];[115 146];[138 147];[111 178];[124 171];[109 213];[114 204];
[116  89];[117  86];[118  86];[121  86];[139  87];[109  98];[154 104];[77 85];[176 123];[87 72];[189 141];[113 149];[137 149];[107 181];[117 173];[108 215];[111 204];
[112  91];[114  88];[114  88];[118  88];[134  88];[106  99];[149 105];[75 87];[172 123];[84 74];[184 141];[111 151];[133 151];[105 182];[108 176];[108 215];[ 93 202];
[109  92];[110  90];[110  89];[114  91];[130  92];[102 102];[143 108];[73 89];[166 124];[81 76];[179 141];[104 153];[126 154];[ 97 183];[106 182];[101 212];[ 92 205];
[107  96];[108  93];[108  93];[112  94];[126  95];[100 104];[136 111];[71 93];[154 120];[79 79];[151 113];[102 152];[122 154];[ 90 183];[100 184];[ 95 212];[ 88 209];
[103  99];[104  97];[104  96];[108  97];[124  97];[ 99 107];[139 113];[70 97];[163 131];[77 84];[175 146];[101 153];[122 155];[ 86 182];[100 182];[ 88 211];[ 89 209];
[100 102];[101  99];[102  99];[106 100];[121  99];[ 98 109];[136 114];[ 67 100];[159 132];[75 87];[172 149];[100 153];[120 154];[ 83 182];[ 99 180];[ 85 214];[ 90 212];
[ 98 104];[ 99 102];[100 102];[103 102];[119 102];[ 95 111];[133 116];[ 65 102];[157 133];[75 89];[169 149];[ 98 154];[119 155];[ 80 181];[ 98 181];[ 76 212];[ 93 213];
[ 97 107];[ 98 105];[ 98 104];[102 104];[116 104];[ 93 112];[130 118];[ 64 105];[156 135];[74 94];[167 151];[ 98 156];[119 158];[ 78 181];[ 97 182];[ 73 211];[ 96 213];
[ 96 108];[ 97 106];[ 97 106];[101 105];[115 106];[ 92 114];[128 119];[ 64 107];[151 135];[73 97];[165 152];[ 97 159];[117 161];[ 75 181];[ 97 183];[ 75 209];[ 96 213];
[ 94 111];[ 94 108];[ 95 108];[ 98 108];[114 108];[ 91 116];[128 121];[ 62 110];[151 137];[74 99];[162 152];[ 96 160];[118 162];[ 74 183];[101 186];[ 81 208];[ 98 214];
[ 92 114];[ 92 111];[ 93 111];[ 96 110];[113 110];[ 90 117];[127 123];[ 61 112];[150 139];[ 71 103];[161 154];[ 96 161];[119 163];[ 73 183];[104 187];[ 84 210];[ 98 216];
[ 91 115];[ 92 112];[ 93 112];[ 95 111];[112 111];[ 89 118];[125 124];[ 60 114];[147 141];[ 70 106];[160 155];[ 96 161];[119 163];[ 73 184];[108 187];[ 87 211];[ 98 215];
[ 91 114];[ 92 112];[ 92 112];[ 94 112];[110 113];[ 87 120];[124 125];[ 60 116];[147 142];[ 72 108];[159 157];[ 97 162];[120 164];[ 74 186];[112 185];[ 88 214];[101 215];
[ 90 117];[ 91 115];[ 92 115];[ 94 115];[110 116];[ 86 123];[122 128];[ 60 117];[143 143];[ 72 111];[156 156];[ 96 164];[119 165];[ 76 186];[112 191];[ 90 214];[102 215];
[ 89 119];[ 90 117];[ 90 117];[ 92 116];[108 116];[ 85 124];[121 128];[ 59 118];[141 143];[ 74 111];[154 158];[ 94 164];[116 165];[ 78 188];[112 191];[ 87 212];[107 215];
[ 87 118];[ 88 116];[ 88 116];[ 90 115];[106 115];[ 84 124];[118 128];[ 59 119];[139 143];[ 73 112];[151 154];[ 93 163];[114 163];[ 81 189];[111 188];[ 80 215];[111 213];
[ 89 120];[ 89 117];[ 90 117];[ 91 117];[106 117];[ 83 125];[117 129];[ 58 119];[139 144];[ 73 112];[150 156];[ 92 163];[112 163];[ 83 189];[110 187];[ 77 216];[115 212];
[ 86 118];[ 87 115];[ 87 115];[ 91 116];[104 116];[ 82 126];[116 128];[ 57 120];[138 143];[ 71 111];[149 156];[ 90 164];[111 164];[ 81 190];[111 187];[ 75 217];[113 213];
[ 85 119];[ 86 116];[ 86 116];[ 89 117];[103 116];[ 81 125];[116 128];[ 55 119];[137 141];[ 72 110];[147 151];[ 90 163];[112 163];[ 79 189];[110 191];[ 74 216];[109 212];
[ 84 118];[ 85 116];[ 85 116];[ 88 117];[102 116];[ 80 125];[114 127];[ 55 119];[136 139];[ 71 112];[147 150];[ 91 164];[113 164];[ 80 187];[115 184];[ 72 214];[105 209];
[ 83 118];[ 84 115];[ 84 115];[ 88 116];[102 117];[ 79 126];[115 128];[ 54 120];[138 141];[ 69 111];[149 154];[ 93 169];[115 170];[ 79 207];[ 99 206];[ 93 219];[102 220];
[ 84 118];[ 85 116];[ 85 115];[ 88 117];[103 115];[ 80 124];[116 127];[ 55 119];[141 139];[ 67 111];[150 150];[ 93 163];[114 164];[ 84 188];[110 191];[ 72 213];[ 96 214];
[ 84 118];[ 85 116];[ 85 116];[ 89 117];[102 116];[ 82 126];[117 128];[ 56 119];[142 137];[ 66 110];[150 148];[ 94 164];[114 164];[ 87 188];[108 191];[ 73 212];[ 94 215];
[ 84 119];[ 85 116];[ 85 116];[ 90 116];[101 115];[ 84 126];[117 128];[ 56 120];[141 137];[ 65 111];[149 143];[ 95 166];[112 167];[ 90 190];[104 192];[ 74 213];[ 88 216];
[ 83 119];[ 84 117];[ 84 117];[ 89 117];[102 116];[ 84 126];[116 127];[ 55 119];[141 135];[ 63 110];[152 142];[ 96 166];[110 165];[ 98 189];[103 189];[ 86 214];[ 85 213];
[107 139];[109 136];[103 137];[111 127];[ 95 129];[117 127];[ 82 127];[134 129];[ 56 120];[148 137];[ 64 110];[114 161];[ 95 162];[112 183];[108 182];[ 92 212];[ 86 214];
[ 83 119];[ 85 117];[ 84 117];[ 90 118];[101 116];[ 82 126];[116 126];[ 57 120];[143 134];[ 61 112];[155 141];[ 96 165];[111 165];[110 185];[107 186];[106 213];[ 86 214];
[ 85 119];[ 85 117];[ 86 117];[ 88 117];[100 115];[ 83 125];[116 125];[ 58 120];[140 133];[ 63 112];[154 137];[ 98 164];[114 163];[112 187];[108 190];[117 213];[ 82 213];
[ 85 119];[ 86 117];[ 86 117];[ 90 117];[100 116];[ 83 126];[116 125];[ 59 120];[137 132];[ 63 111];[151 133];[ 98 166];[114 165];[116 188];[112 191];[127 211];[ 83 211];
[ 85 119];[ 86 117];[ 86 117];[ 91 117];[103 116];[ 85 127];[118 126];[ 60 121];[143 132];[ 63 111];[156 136];[106 168];[120 167];[120 192];[112 191];[139 213];[ 84 210];
[ 86 119];[ 88 117];[ 87 117];[ 93 118];[104 116];[ 87 127];[121 126];[ 61 121];[144 133];[ 65 110];[156 135];[106 169];[122 168];[122 193];[115 194];[142 213];[ 86 211];
[ 88 120];[ 89 117];[ 90 117];[ 95 119];[107 117];[ 89 128];[123 127];[ 63 121];[151 132];[ 67 109];[144 129];[105 169];[122 168];[121 192];[120 193];[136 214];[ 93 210];
[ 89 120];[ 91 118];[ 90 117];[ 97 120];[109 117];[ 90 129];[127 128];[ 63 121];[153 132];[ 66 109];[156 133];[107 171];[126 169];[120 192];[125 190];[133 215];[101 211];
[ 88 120];[ 89 118];[ 89 117];[ 95 119];[109 116];[ 89 128];[127 126];[ 63 121];[155 133];[ 66 109];[156 135];[107 170];[127 168];[117 191];[130 189];[126 213];[105 211];
[ 87 120];[ 88 118];[ 88 118];[ 93 118];[107 115];[ 88 127];[124 125];[ 61 121];[153 133];[ 66 109];[162 135];[105 167];[124 164];[115 194];[134 188];[120 216];[109 207];
[ 87 119];[ 88 117];[ 88 117];[ 94 118];[107 114];[ 88 126];[126 124];[ 60 121];[156 131];[ 64 110];[164 135];[104 163];[125 161];[111 192];[135 186];[113 216];[113 206];
[ 87 121];[ 89 118];[ 88 118];[ 95 118];[106 115];[ 88 126];[125 125];[ 61 121];[154 131];[ 62 111];[157 133];[104 166];[124 163];[112 194];[136 185];[114 214];[115 203];
[ 86 120];[ 88 117];[ 87 117];[ 92 118];[107 115];[ 87 128];[124 125];[ 58 122];[154 130];[ 60 109];[154 133];[103 166];[124 163];[112 192];[133 184];[113 216];[117 200];
[ 85 119];[ 86 117];[ 86 116];[ 91 117];[105 115];[ 85 128];[120 126];[ 58 121];[151 129];[ 59 109];[148 128];[107 169];[125 168];[115 193];[122 192];[115 218];[116 216];
[ 87 118];[ 88 116];[ 88 116];[ 92 117];[107 115];[ 86 128];[121 126];[ 58 121];[150 127];[ 58 108];[150 126];[104 168];[123 166];[112 190];[125 186];[108 216];[119 209];
[ 86 118];[ 87 116];[ 87 116];[ 90 114];[104 112];[ 86 125];[118 123];[ 57 119];[145 126];[ 58 108];[153 124];[104 165];[123 162];[110 190];[128 181];[105 216];[127 201];
[ 85 117];[ 85 114];[ 85 114];[ 88 113];[100 111];[ 83 123];[115 120];[ 56 118];[141 126];[ 58 108];[149 124];[103 163];[123 160];[107 190];[128 178];[103 215];[127 201];
[ 83 116];[ 84 114];[ 84 113];[ 87 113];[100 111];[ 85 123];[115 121];[ 56 118];[140 124];[ 57 108];[145 122];[105 162];[124 160];[106 189];[127 184];[104 215];[128 209];
[ 81 113];[ 82 111];[ 82 111];[ 84 111];[ 99 110];[ 81 123];[114 121];[ 54 118];[143 124];[ 56 108];[132 124];[104 162];[124 160];[104 190];[128 187];[108 215];[130 212];
[ 81 118];[ 82 116];[ 82 116];[ 84 115];[ 96 113];[ 79 124];[111 121];[ 53 118];[139 125];[ 54 107];[133 127];[104 159];[123 156];[103 189];[128 187];[111 214];[134 214];
[ 81 118];[ 81 115];[ 81 115];[ 83 114];[ 96 112];[ 79 124];[111 121];[ 53 118];[138 124];[ 53 106];[132 127];[104 162];[123 159];[100 189];[129 188];[115 214];[138 214];
[ 80 119];[ 80 116];[ 80 116];[ 83 115];[ 95 113];[ 80 124];[110 121];[ 54 119];[136 124];[ 52 108];[133 125];[104 161];[123 158];[ 99 190];[129 187];[114 214];[140 214];
[ 80 118];[ 80 116];[ 80 116];[ 83 115];[ 96 113];[ 79 124];[111 122];[ 53 119];[137 124];[ 51 108];[133 124];[103 161];[122 159];[ 98 190];[130 189];[110 216];[143 216];
[ 80 118];[ 81 116];[ 81 116];[ 84 115];[ 96 114];[ 79 123];[110 121];[ 52 118];[136 124];[ 48 108];[137 126];[103 160];[120 158];[ 99 189];[125 188];[107 216];[140 214];
[ 86 118];[ 87 115];[ 87 115];[ 91 116];[102 114];[ 83 124];[115 123];[ 57 119];[140 124];[ 51 110];[146 124];[105 161];[124 159];[102 191];[139 187];[109 218];[146 216];
[ 91 117];[ 92 115];[ 92 115];[ 96 116];[111 114];[ 91 126];[128 124];[ 60 120];[154 127];[ 53 107];[147 123];[109 167];[133 164];[102 189];[153 185];[113 216];[149 214];
[ 99 117];[100 115];[100 115];[105 117];[117 116];[ 93 127];[129 125];[ 64 120];[146 121];[ 55 107];[138 117];[113 167];[135 165];[113 190];[163 185];[115 218];[153 213];
[108 116];[109 115];[109 114];[111 116];[125 115];[ 97 124];[136 124];[ 67 119];[161 126];[ 55 106];[166 129];[120 164];[137 163];[141 189];[151 189];[126 217];[144 215];
[114 114];[115 112];[115 112];[116 113];[131 112];[105 124];[145 123];[ 74 120];[170 128];[ 58 108];[165 132];[122 165];[147 162];[123 191];[172 185];[121 221];[159 213];
[121 114];[122 112];[122 112];[124 113];[139 112];[113 124];[152 124];[ 82 121];[180 130];[ 62 112];[187 130];[127 165];[151 163];[132 191];[176 186];[126 221];[158 215];
[128 114];[129 111];[129 112];[132 113];[147 113];[121 125];[160 125];[ 89 122];[186 132];[ 65 113];[187 138];[133 165];[157 164];[138 192];[179 187];[131 221];[161 215];
[136 114];[136 112];[138 112];[139 113];[156 113];[127 124];[167 125];[ 94 123];[194 131];[ 67 115];[198 135];[136 164];[160 163];[143 192];[177 187];[136 222];[164 217];
[142 113];[142 111];[143 111];[144 111];[160 110];[132 122];[170 123];[ 99 123];[197 132];[ 71 115];[201 135];[139 164];[162 163];[147 192];[181 188];[140 223];[166 218];
[147 113];[148 110];[149 110];[149 110];[164 110];[137 122];[175 123];[104 123];[199 133];[ 74 116];[208 134];[144 165];[167 163];[151 194];[185 190];[144 226];[172 221];
[158 112];[159 110];[159 110];[155 111];[171 111];[141 122];[180 125];[108 121];[199 137];[ 77 115];[208 136];[147 163];[171 162];[154 194];[190 188];[148 226];[176 220];
[163 112];[163 110];[164 110];[162 110];[177 111];[149 122];[186 127];[114 120];[201 145];[ 82 114];[210 140];[153 166];[176 166];[159 195];[193 189];[153 227];[181 220];
[166 112];[167 110];[167 110];[169 111];[184 112];[154 122];[191 127];[119 120];[208 140];[ 87 113];[219 134];[158 166];[180 166];[163 197];[195 191];[155 227];[186 220];
[172 113];[172 111];[173 111];[172 111];[188 112];[158 121];[195 128];[122 119];[210 145];[ 89 112];[222 134];[162 166];[185 167];[165 197];[198 194];[158 229];[191 224];
[176 113];[177 110];[178 111];[177 111];[193 113];[162 122];[199 129];[127 119];[220 140];[ 95 111];[228 135];[166 166];[188 167];[168 198];[199 197];[161 228];[196 227];
[181 112];[182 110];[182 110];[182 110];[198 112];[166 120];[203 127];[131 117];[221 141];[ 99 109];[234 136];[168 166];[189 167];[170 199];[200 196];[166 230];[206 225];
[192 113];[192 111];[192 111];[181 110];[197 112];[165 119];[204 126];[132 115];[226 140];[ 99 108];[246 144];[167 165];[190 166];[170 199];[198 197];[165 230];[207 224];
[184 114];[184 112];[185 112];[180 111];[197 114];[163 120];[201 128];[129 113];[221 141];[100 104];[230 135];[165 164];[187 165];[168 198];[194 197];[164 228];[203 224];
[186 117];[186 114];[186 114];[178 111];[192 114];[159 119];[195 129];[128 112];[214 143];[101 103];[234 147];[162 163];[183 165];[165 197];[189 196];[161 226];[198 224];
[180 115];[183 113];[180 112];[187 115];[178 112];[197 131];[158 120];[219 142];[129 112];[241 154];[100 105];[182 166];[160 164];[189 194];[163 195];[195 224];[160 225];
[186 117];[186 114];[186 114];[176 111];[189 115];[157 119];[190 131];[127 112];[196 156];[100 101];[195 178];[158 162];[178 164];[159 196];[184 196];[159 226];[191 224];
[181 115];[182 113];[182 113];[173 109];[185 113];[152 118];[186 128];[123 111];[200 146];[ 96 101];[216 157];[154 162];[175 164];[155 194];[180 194];[159 222];[187 223];
[181 118];[181 115];[180 115];[171 111];[180 114];[149 118];[185 128];[119 112];[205 146];[ 91 101];[228 160];[151 162];[172 163];[150 192];[178 195];[158 217];[185 223];
[176 116];[178 113];[175 113];[169 111];[174 113];[145 119];[179 128];[112 113];[188 141];[ 86 102];[176 138];[150 162];[170 165];[145 190];[172 192];[158 212];[181 217];
[162 115];[163 112];[163 112];[160 112];[173 114];[143 119];[179 129];[110 114];[194 145];[ 85 103];[199 159];[150 160];[172 163];[134 186];[172 191];[155 204];[181 220];
[158 113];[159 111];[158 111];[157 112];[168 114];[139 121];[176 128];[108 119];[195 146];[ 89 108];[210 162];[150 163];[171 165];[131 186];[168 189];[154 204];[181 217];
[148 113];[149 111];[149 111];[147 112];[159 114];[134 121];[164 127];[106 122];[182 141];[ 94 112];[187 150];[145 164];[164 165];[128 186];[166 190];[151 206];[181 216];
[145 115];[146 113];[145 113];[145 113];[155 114];[131 122];[162 127];[105 124];[180 143];[102 120];[192 158];[142 164];[162 164];[127 189];[164 189];[149 210];[181 216];
[144 116];[144 114];[142 114];[136 114];[140 114];[125 123];[146 127];[106 125];[167 145];[105 126];[184 157];[142 164];[151 164];[137 189];[146 190];[151 213];[174 212];
[130 117];[130 114];[129 114];[129 114];[138 114];[122 124];[147 125];[106 133];[167 141];[117 126];[181 155];[138 164];[155 163];[128 190];[162 188];[139 214];[181 213];
[121 118];[123 116];[121 115];[127 116];[133 115];[119 127];[143 127];[106 135];[162 142];[118 128];[176 156];[136 165];[152 163];[124 189];[159 188];[137 213];[177 212];
[116  97];[117  94];[117  94];[121  93];[135  93];[111 106];[148 105];[ 94 124];[170 125];[105 128];[186 143];[133 150];[156 149];[118 182];[162 182];[138 211];[184 210];
[118  95];[119  92];[119  92];[122  92];[138  92];[112 106];[152 106];[ 95 125];[171 125];[100 138];[178 137];[132 152];[156 151];[116 181];[163 183];[138 209];[185 209];
[122  94];[123  90];[123  91];[125  92];[140  92];[114 107];[151 106];[ 96 126];[172 121];[111 122];[168 127];[131 150];[154 149];[117 180];[161 182];[139 208];[187 208];
[123  91];[124  88];[124  88];[126  90];[142  91];[114 107];[155 105];[ 95 128];[176 120];[101 125];[168 136];[129 150];[155 149];[119 177];[162 179];[134 207];[183 207];
[134  94];[132  91];[135  91];[126  92];[145  92];[115 108];[156 105];[ 94 128];[179 117];[ 92 132];[169 126];[127 151];[154 149];[125 180];[164 176];[128 210];[177 203];
[138  94];[137  91];[139  91];[128  92];[147  93];[116 109];[158 107];[ 95 129];[181 117];[ 90 132];[171 124];[127 150];[154 150];[129 177];[168 174];[122 208];[167 202];
[147  95];[145  92];[147  93];[131  94];[150  94];[121 109];[160 107];[101 124];[186 116];[ 84 135];[190 117];[127 150];[151 149];[133 176];[172 170];[120 206];[164 202];
[157  98];[155  95];[155  95];[133  96];[152  96];[122 108];[161 108];[102 124];[185 116];[ 82 136];[191 116];[125 150];[149 149];[135 177];[174 172];[122 207];[159 199];
[158 101];[157  97];[157  98];[137  96];[154  97];[124 108];[161 109];[104 120];[186 117];[ 85 134];[199 119];[125 149];[149 148];[135 177];[174 172];[124 206];[157 199];
[160 100];[159  96];[159  97];[139  95];[156  96];[126 107];[162 108];[105 121];[186 117];[ 85 132];[195 117];[125 148];[148 147];[136 176];[172 173];[128 207];[156 202];
[161  97];[159  94];[160  95];[141  94];[159  96];[127 107];[165 108];[107 122];[188 117];[ 88 130];[199 116];[125 146];[149 145];[137 176];[170 172];[132 208];[159 203];
[160  97];[158  94];[159  95];[141  93];[159  95];[127 107];[165 108];[109 123];[187 117];[ 92 129];[197 115];[129 145];[152 145];[137 176];[166 172];[135 207];[168 200];
[157  96];[156  93];[158  93];[141  93];[160  94];[129 107];[166 108];[111 124];[188 117];[ 97 129];[188 115];[130 147];[153 147];[137 178];[165 176];[138 208];[176 205];
[147  95];[146  92];[149  93];[140  93];[158  94];[127 107];[165 108];[115 129];[189 118];[113 148];[187 117];[131 147];[153 147];[136 179];[160 177];[139 210];[182 200];
[144  95];[143  92];[146  93];[140  93];[158  95];[126 107];[166 109];[112 127];[190 119];[102 125];[191 114];[131 151];[154 151];[136 182];[158 180];[142 211];[186 199];
[145  96];[144  93];[147  93];[139  93];[158  96];[126 107];[165 111];[113 127];[188 121];[109 125];[209 124];[131 150];[153 151];[135 180];[156 180];[143 210];[187 201];
[148  97];[146  94];[149  94];[139  94];[158  96];[125 108];[163 111];[114 130];[186 122];[116 148];[208 125];[130 151];[152 151];[136 181];[155 182];[148 208];[186 201];
[151  97];[150  94];[152  94];[138  94];[156  95];[124 108];[160 107];[113 131];[180 119];[113 150];[203 125];[131 152];[152 152];[138 184];[156 183];[149 211];[185 203];
[157  97];[155  94];[158  94];[137  93];[156  94];[124 108];[161 107];[109 129];[180 119];[112 130];[204 125];[134 152];[153 151];[149 185];[149 182];[189 206];[158 209];
[151  98];[150  95];[152  95];[137  95];[155  96];[124 109];[161 109];[108 129];[181 119];[ 94 129];[206 122];[134 156];[156 156];[140 184];[155 186];[153 213];[190 204];
[154  98];[151  95];[154  96];[135  94];[155  96];[123 109];[162 108];[103 127];[186 116];[ 88 131];[210 118];[134 154];[156 153];[140 183];[161 182];[155 212];[193 201];
[143  98];[141  94];[144  95];[133  95];[154  96];[120 110];[163 108];[ 95 125];[193 112];[ 69 129];[222 112];[134 155];[158 153];[143 186];[165 181];[158 216];[193 198];
[137  98];[136  94];[139  95];[132  95];[153  96];[119 109];[162 108];[ 89 123];[193 111];[ 60 125];[217 109];[136 154];[160 152];[145 185];[171 181];[158 213];[186 205];
[138  97];[137  94];[139  95];[132  95];[151  96];[118 107];[159 107];[ 89 119];[187 109];[ 60 119];[206 108];[136 149];[160 147];[148 179];[178 173];[162 209];[174 199];
[133  96];[133  93];[135  94];[131  95];[152  95];[119 107];[163 107];[ 88 115];[198 109];[ 57 115];[214 114];[136 150];[161 147];[156 178];[185 173];[163 204];[163 193];
[135  97];[135  95];[136  95];[131  96];[151  95];[120 107];[165 106];[ 91 112];[200 110];[ 60 111];[203 113];[138 150];[162 148];[161 176];[185 173];[166 203];[164 193];
[129  97];[130  95];[131  95];[133  97];[150  95];[122 108];[166 107];[ 95 112];[193 115];[ 64 110];[187 128];[137 153];[160 151];[165 173];[177 176];[173 208];[143 202];
[124  98];[126  96];[126  95];[132  97];[147  96];[123 107];[164 109];[ 99 111];[192 117];[ 71 108];[199 126];[137 152];[159 152];[166 174];[166 179];[179 209];[135 207];
[124 100];[127  98];[124  98];[134  98];[140  96];[129 109];[160 107];[106 111];[188 119];[ 78 108];[202 122];[144 153];[155 153];[167 180];[157 183];[186 210];[129 212];
[123 103];[126 101];[122 100];[136 103];[137  99];[133 114];[156 108];[110 114];[175 123];[ 83 109];[167 131];[144 157];[151 154];[164 185];[152 186];[195 210];[127 215];
[122 105];[125 103];[122 102];[135 105];[136 100];[136 114];[151 108];[112 118];[168 117];[ 86 111];[172 113];[146 159];[146 156];[153 187];[159 186];[126 214];[188 212];
[120 107];[122 104];[120 104];[130 104];[138 103];[131 113];[155 115];[113 119];[174 130];[ 88 114];[166 140];[140 159];[148 159];[156 187];[147 187];[148 213];[136 215];
[120 106];[122 103];[121 103];[130 103];[139 102];[128 113];[151 115];[112 122];[164 133];[ 87 116];[164 148];[137 158];[149 158];[158 185];[150 185];[180 212];[130 215];
[121 104];[122 102];[121 101];[128 101];[140 101];[123 111];[152 114];[105 124];[170 130];[ 82 118];[158 129];[136 159];[152 160];[151 185];[147 187];[170 213];[131 217];
[121 103];[122 100];[121 100];[127  99];[139  99];[121 109];[152 112];[102 124];[167 130];[ 79 118];[157 133];[131 158];[149 159];[144 187];[147 188];[157 212];[131 216];
[121 100];[121  97];[122  97];[127  96];[141  96];[118 108];[153 109];[ 96 124];[170 127];[ 74 117];[159 131];[128 155];[150 155];[136 183];[152 182];[142 212];[140 209];
[121 100];[122  96];[123  97];[125  96];[142  96];[116 108];[155 108];[ 93 125];[173 122];[ 72 118];[164 129];[125 154];[151 154];[126 177];[158 178];[131 206];[144 208];
[122  99];[123  96];[123  96];[127  96];[141  97];[115 108];[154 110];[ 92 126];[171 128];[ 74 118];[166 134];[121 153];[148 153];[116 179];[162 179];[116 208];[146 210];
[123  99];[124  96];[124  96];[127  97];[141  98];[114 110];[153 112];[ 91 127];[170 132];[ 76 118];[180 133];[120 154];[147 154];[106 179];[168 177];[106 210];[152 208];
[122 103];[124 100];[123 100];[129  99];[143 100];[116 112];[158 116];[ 92 129];[168 140];[ 79 119];[161 155];[122 154];[150 155];[ 99 177];[169 180];[ 98 212];[154 211];
[123 105];[125 102];[124 102];[129 102];[144 102];[115 116];[158 118];[ 90 131];[178 135];[ 80 117];[198 134];[120 159];[150 160];[ 93 180];[171 183];[ 88 214];[156 215];
[123 107];[125 104];[125 104];[128 105];[144 106];[114 118];[155 122];[ 89 133];[180 137];[ 82 120];[205 134];[115 163];[144 165];[ 87 182];[174 184];[ 77 216];[157 215];
[124 111];[125 108];[125 108];[127 108];[142 108];[111 121];[152 123];[ 90 136];[177 140];[ 84 123];[204 136];[114 166];[143 167];[ 79 184];[180 185];[ 78 216];[159 217];
[122 116];[123 113];[123 113];[126 113];[143 113];[110 125];[154 127];[ 88 139];[183 143];[ 86 125];[208 137];[112 169];[143 170];[ 74 185];[181 186];[ 80 217];[159 216];
[124 117];[124 114];[125 114];[125 114];[142 115];[109 125];[150 129];[ 88 140];[183 141];[ 92 128];[209 136];[108 169];[138 172];[ 72 185];[182 186];[ 80 217];[160 217];
[126 118];[126 115];[128 115];[124 115];[143 116];[110 125];[153 129];[ 88 140];[183 143];[ 92 125];[207 136];[111 167];[142 169];[ 74 185];[181 186];[ 82 217];[162 217];
[130 115];[129 112];[131 113];[125 112];[143 113];[111 122];[152 124];[ 90 137];[180 142];[ 95 122];[202 135];[112 164];[142 165];[ 76 185];[180 185];[ 83 218];[165 218];
[145 129];[145 126];[147 126];[144 126];[160 127];[133 134];[168 136];[116 146];[191 149];[118 134];[207 142];[135 169];[160 170];[109 187];[186 187];[112 214];[175 214];
[143 124];[143 122];[144 122];[144 123];[159 124];[132 131];[167 134];[115 143];[190 145];[119 131];[205 138];[134 167];[159 168];[111 186];[183 186];[112 215];[176 214];
[145 122];[144 120];[146 120];[143 120];[158 121];[131 128];[166 131];[113 141];[189 141];[118 146];[204 136];[132 166];[157 167];[113 184];[180 185];[112 214];[175 213];
[142 120];[142 118];[143 118];[141 117];[157 118];[130 125];[166 128];[112 137];[187 139];[116 129];[200 134];[132 165];[157 166];[113 184];[176 185];[112 214];[174 213];
[142 117];[142 115];[144 115];[140 114];[156 116];[128 123];[165 126];[108 135];[187 137];[114 127];[198 130];[131 164];[156 165];[114 182];[174 183];[111 213];[173 212];
[144 116];[143 114];[145 114];[140 112];[156 114];[129 121];[165 124];[109 130];[186 134];[114 121];[197 129];[131 162];[156 163];[116 183];[170 184];[111 213];[173 212];
[140 113];[140 110];[141 111];[137 109];[153 110];[127 118];[163 120];[109 127];[185 131];[114 121];[195 125];[130 160];[154 160];[119 183];[167 182];[113 212];[171 210];
[137 112];[137 110];[139 110];[135 108];[152 109];[125 117];[162 119];[107 125];[187 129];[114 121];[194 122];[129 160];[154 160];[119 182];[165 183];[114 211];[170 210];
[135 110];[135 108];[137 108];[135 107];[151 108];[124 116];[160 118];[107 124];[185 127];[113 127];[193 122];[128 159];[152 160];[120 184];[162 183];[115 212];[169 210];
[137 109];[136 106];[138 107];[134 105];[149 106];[123 115];[158 116];[106 124];[182 126];[112 117];[191 121];[128 158];[151 158];[122 184];[160 183];[115 211];[169 210];
[136 108];[135 106];[137 106];[133 104];[148 105];[122 113];[158 115];[105 124];[183 124];[108 127];[189 118];[128 155];[151 155];[123 182];[158 181];[116 209];[167 207];
[134 107];[133 105];[135 105];[132 103];[147 104];[121 112];[157 114];[104 124];[184 124];[108 126];[188 117];[126 153];[149 154];[124 181];[156 180];[115 209];[167 207];
[133 106];[133 104];[135 104];[132 103];[148 103];[121 112];[158 114];[104 123];[185 123];[110 117];[186 115];[126 153];[149 153];[124 181];[156 181];[114 209];[167 207];
[132 105];[132 103];[134 103];[131 101];[146 102];[121 110];[157 112];[104 122];[185 121];[108 113];[185 114];[126 152];[148 152];[124 181];[156 180];[114 209];[166 207];
[130 103];[130 101];[131 101];[130  99];[145 100];[120 109];[156 111];[103 119];[183 120];[107 118];[180 110];[125 152];[148 153];[123 180];[156 180];[113 208];[166 205];
[133 102];[133  99];[134  99];[132  98];[146  99];[122 108];[156 110];[104 118];[184 119];[114 118];[181 110];[126 151];[148 152];[124 180];[156 179];[113 208];[167 206];
[132 101];[132  99];[134  99];[131  97];[145  97];[120 107];[155 109];[104 117];[183 118];[115 117];[179 109];[125 150];[148 151];[124 179];[156 179];[113 208];[166 206];
[135 102];[135  99];[137  99];[134  98];[149  99];[123 108];[158 110];[105 118];[184 118];[117 119];[180 109];[127 151];[149 151];[125 180];[157 179];[113 208];[168 207];
[134 100];[133  97];[135  97];[131  95];[148  96];[121 106];[158 108];[104 117];[186 119];[117 121];[180 109];[127 151];[150 152];[126 180];[159 181];[114 209];[169 209];
[134  99];[134  96];[136  96];[132  95];[148  96];[121 106];[158 108];[105 119];[185 118];[118 120];[182 109];[127 151];[151 151];[126 181];[160 181];[115 211];[171 210];
[134  99];[134  97];[136  97];[133  96];[149  96];[121 106];[158 108];[105 119];[181 119];[110 116];[184 112];[127 152];[151 153];[127 182];[160 181];[116 212];[172 211];
[138  99];[137  97];[139  97];[134  96];[151  97];[122 106];[161 109];[105 119];[191 119];[110 118];[184 110];[128 153];[153 153];[127 183];[162 183];[116 213];[174 213];
[135  95];[135  93];[136  93];[131  92];[145  93];[121 105];[150 105];[103 117];[165 119];[103 118];[156 115];[125 149];[144 150];[125 181];[146 182];[116 211];[147 210];
[143 104];[143 101];[144 101];[139 101];[158 100];[130 113];[165 113];[112 125];[193 117];[105 123];[185 109];[133 155];[157 156];[129 185];[166 186];[118 214];[176 215];
[137  95];[138  92];[138  93];[135  91];[148  93];[124 105];[154 105];[105 119];[167 119];[ 99 118];[157 113];[128 152];[148 152];[127 185];[149 185];[119 215];[151 215];
[147 106];[148 103];[148 103];[142 103];[162 103];[133 115];[168 114];[113 127];[196 118];[103 125];[188 109];[135 158];[159 159];[131 187];[169 188];[120 217];[179 217];
[139  96];[139  93];[141  94];[136  92];[151  93];[126 105];[159 105];[105 119];[177 119];[ 97 119];[170 113];[130 154];[152 154];[129 187];[154 187];[119 219];[157 219];
[140  97];[139  94];[142  95];[137  94];[156  94];[128 105];[167 107];[108 120];[198 117];[ 99 121];[190 109];[135 156];[160 157];[133 189];[170 189];[119 221];[181 220];
[143  99];[143  96];[145  96];[140  96];[158  95];[129 106];[169 108];[107 120];[200 116];[ 97 124];[193 109];[136 156];[161 157];[133 190];[172 190];[119 222];[183 222];
[143  97];[142  94];[145  94];[138  93];[160  94];[128 106];[171 108];[105 121];[204 118];[ 95 126];[193 108];[136 157];[163 158];[134 191];[173 191];[120 224];[184 223];
[146  97];[144  94];[148  95];[139  93];[161  94];[129 106];[172 108];[108 121];[204 118];[ 97 124];[194 109];[136 158];[163 159];[134 191];[174 191];[121 224];[185 223];
[149  98];[147  95];[151  95];[141  94];[162  94];[130 106];[174 109];[109 122];[206 119];[ 98 127];[197 110];[137 158];[164 160];[135 193];[175 192];[121 226];[186 224];
[147  96];[145  93];[149  94];[141  93];[163  93];[130 105];[175 107];[108 122];[205 118];[ 99 126];[199 110];[138 158];[166 159];[136 193];[176 193];[122 227];[187 224];
[149  96];[147  93];[151  94];[142  92];[165  93];[131 106];[177 108];[111 123];[209 119];[ 99 126];[199 109];[139 159];[167 161];[136 194];[178 193];[122 229];[188 226];
[147  96];[146  93];[150  94];[141  92];[163  93];[131 105];[175 107];[111 123];[205 119];[ 99 126];[198 109];[138 158];[166 159];[136 193];[176 192];[122 226];[187 224];
[144  97];[143  94];[147  95];[141  93];[163  94];[130 106];[175 109];[111 122];[206 120];[ 97 126];[196 109];[137 158];[165 160];[135 192];[175 193];[122 226];[186 224];
[143  98];[142  95];[146  95];[140  94];[162  95];[130 106];[173 109];[112 123];[204 120];[ 98 128];[194 109];[137 158];[164 159];[134 191];[173 192];[121 225];[185 223];
[141  97];[140  94];[143  94];[139  93];[160  94];[129 105];[172 109];[111 123];[203 121];[ 96 129];[193 109];[137 157];[163 159];[134 191];[173 191];[120 224];[184 222];
[144  96];[142  93];[146  94];[139  92];[160  94];[129 105];[171 108];[111 122];[200 120];[ 96 129];[193 110];[136 156];[162 157];[133 190];[171 190];[120 223];[183 221];
[142  95];[141  92];[144  93];[138  92];[159  93];[128 105];[170 108];[110 123];[198 120];[ 96 129];[192 112];[136 156];[162 158];[132 189];[171 190];[119 222];[181 221];
[140  96];[139  93];[142  94];[137  92];[157  93];[128 105];[169 108];[111 123];[197 120];[ 97 129];[191 112];[136 156];[161 157];[132 188];[170 188];[118 221];[181 219];
[142  96];[141  93];[144  93];[137  92];[157  93];[128 105];[168 107];[112 123];[196 120];[ 97 129];[190 112];[135 155];[160 156];[131 188];[169 187];[118 221];[180 218];
[144  96];[142  93];[145  94];[137  92];[156  93];[127 104];[167 106];[111 123];[194 120];[ 98 129];[188 113];[134 154];[159 155];[131 187];[167 187];[117 220];[178 217];
[142  96];[141  93];[144  94];[136  93];[155  93];[126 104];[166 107];[110 123];[195 120];[ 97 130];[184 114];[134 153];[159 154];[130 186];[166 186];[118 218];[176 216];
[144  96];[143  93];[145  93];[136  92];[155  93];[126 105];[165 107];[111 122];[190 120];[ 98 130];[190 115];[134 154];[158 154];[130 185];[166 185];[118 216];[176 215];
[144  96];[143  93];[145  94];[136  92];[154  93];[125 104];[164 105];[110 122];[191 120];[ 98 130];[185 114];[133 153];[157 153];[129 184];[165 184];[117 215];[174 214];
[142  96];[141  94];[144  94];[135  93];[154  94];[125 104];[163 107];[109 122];[190 120];[ 97 130];[184 114];[132 152];[156 153];[128 183];[163 184];[117 214];[173 212];
[138  96];[136  93];[139  94];[133  93];[152  93];[124 104];[163 106];[109 122];[190 120];[ 96 130];[183 113];[132 151];[156 152];[128 182];[162 182];[117 212];[172 211];
[136  96];[135  94];[138  94];[132  93];[151  94];[124 105];[162 107];[109 121];[187 119];[ 95 130];[190 116];[132 151];[155 152];[127 182];[161 182];[116 211];[171 210];
[135  97];[134  94];[137  94];[131  94];[148  94];[123 105];[159 107];[108 121];[182 119];[ 94 130];[189 118];[131 151];[154 152];[127 181];[160 181];[116 210];[169 209];
[132  96];[131  94];[134  94];[131  93];[148  94];[122 105];[158 106];[107 121];[179 119];[ 94 130];[189 118];[130 151];[153 151];[126 181];[158 181];[115 210];[168 208];
[132  96];[132  94];[134  94];[131  93];[148  94];[123 105];[158 106];[107 120];[180 118];[ 95 130];[186 116];[130 150];[153 150];[125 180];[157 180];[114 209];[167 208];
[130  97];[131  94];[131  94];[131  94];[146  94];[123 104];[156 106];[107 120];[181 116];[ 95 130];[175 114];[130 148];[152 149];[125 179];[157 179];[114 208];[166 207];
[132  97];[132  94];[133  95];[132  94];[149  95];[124 105];[160 107];[107 120];[184 118];[ 94 130];[185 115];[131 149];[153 150];[125 180];[158 180];[114 209];[168 208];
[134 100];[135  98];[136  98];[134  97];[150  97];[125 106];[161 108];[109 121];[187 116];[ 94 131];[182 112];[132 149];[155 150];[126 179];[158 180];[114 209];[167 208];
[130  97];[130  95];[131  95];[133  94];[150  95];[125 105];[162 107];[108 121];[189 118];[ 93 130];[182 112];[133 149];[156 150];[127 181];[160 181];[115 210];[169 210];
[130  97];[130  94];[132  95];[132  94];[149  94];[126 105];[163 106];[109 121];[190 117];[ 93 130];[181 111];[133 149];[157 150];[127 181];[160 181];[116 210];[169 210];
[130  97];[130  95];[131  95];[133  94];[150  94];[126 105];[163 107];[108 122];[191 117];[ 92 131];[184 113];[133 150];[157 151];[127 181];[160 181];[115 211];[169 210];
[130  98];[131  95];[131  95];[135  94];[151  94];[126 105];[164 106];[108 122];[191 117];[ 92 131];[182 112];[134 150];[158 151];[127 182];[162 182];[116 212];[171 211];
[130  98];[131  95];[131  95];[136  94];[152  94];[127 105];[165 107];[109 122];[193 118];[ 92 131];[181 114];[134 150];[159 151];[127 182];[162 182];[116 212];[171 211];
[132  97];[132  94];[134  94];[135  94];[153  94];[127 104];[166 107];[109 122];[193 118];[ 92 131];[184 114];[135 150];[159 151];[127 182];[163 182];[116 212];[172 212];
[131  96];[132  94];[133  94];[135  93];[153  94];[127 104];[166 106];[109 122];[194 118];[ 92 131];[181 115];[136 150];[160 151];[127 182];[163 183];[116 213];[173 213];
[135  97];[134  94];[137  94];[135  94];[154  94];[128 104];[167 106];[109 122];[197 119];[ 92 131];[188 115];[136 150];[161 151];[128 183];[164 183];[116 214];[173 213];
[134  97];[134  94];[136  95];[136  94];[155  94];[128 104];[168 107];[109 122];[197 119];[ 90 131];[187 114];[136 150];[161 152];[128 183];[165 184];[117 215];[174 215];
[135  96];[134  93];[137  93];[135  93];[154  93];[128 104];[167 105];[109 122];[195 118];[ 90 131];[191 114];[136 151];[161 151];[129 183];[165 184];[117 215];[174 214];
[133  96];[134  94];[135  94];[136  94];[155  94];[129 105];[168 106];[109 121];[197 116];[ 89 131];[193 114];[137 151];[161 152];[128 183];[166 184];[117 214];[175 215];
[133  96];[134  94];[136  94];[136  94];[155  94];[129 104];[168 106];[109 122];[198 117];[ 89 131];[192 114];[137 150];[161 151];[129 183];[166 184];[117 215];[175 215];
[138  97];[137  95];[140  95];[137  95];[157  94];[130 105];[170 107];[110 122];[201 118];[ 91 131];[193 113];[137 152];[162 153];[130 184];[167 185];[117 216];[175 216];
[135  97];[134  94];[137  94];[136  94];[155  93];[129 104];[169 106];[109 122];[200 118];[ 90 131];[193 113];[137 152];[162 153];[129 185];[167 185];[117 217];[176 216];
[135  97];[135  95];[137  95];[137  94];[156  94];[130 105];[171 107];[109 122];[202 119];[ 91 132];[195 113];[137 153];[163 154];[130 185];[167 186];[117 218];[176 217];
[134  97];[135  94];[137  95];[137  94];[156  94];[130 105];[172 107];[110 122];[202 120];[ 92 132];[190 113];[138 152];[163 154];[130 185];[168 186];[117 218];[176 217];
[135  97];[135  94];[137  94];[138  93];[157  93];[130 105];[172 107];[110 123];[202 119];[ 91 133];[199 118];[138 152];[164 154];[131 186];[168 186];[118 217];[176 217];
[135  98];[135  95];[137  95];[138  94];[157  94];[130 105];[172 107];[110 123];[200 117];[ 92 135];[209 116];[138 153];[163 154];[131 186];[168 186];[117 218];[176 217];
[137  98];[137  95];[139  96];[142  95];[159  96];[132 106];[173 109];[110 123];[206 116];[ 93 134];[189 121];[137 152];[163 154];[128 185];[165 187];[114 217];[174 218];
[148  98];[149  96];[151  96];[153  96];[171 100];[139 105];[179 114];[114 121];[212 117];[ 95 129];[194 106];[130 151];[154 156];[113 182];[151 187];[101 213];[157 216];
[177 106];[189  94];[156  92];[200  87];[ 80 108];[182  38];[45 46];[120  86];[ 30 107];[ 43 170];[ 42 173];[176 140];[ 58 154];[177 184];[ 62 197];[135 191];[ 43 191];
[101  61];[101  58];[103  57];[106  59];[129  53];[96 84];[148  66];[ 80 115];[158  45];[ 78 151];[158  20];[117 144];[149 138];[131 187];[155 180];[158 225];[184 216];
[121  68];[121  65];[122  65];[121  68];[143  66];[106  86];[152  78];[ 80 101];[166  58];[86 95];[177  38];[117 140];[146 137];[124 178];[149 173];[137 216];[160 206];
[132  70];[131  68];[134  68];[127  72];[147  71];[114  92];[157  85];[81 97];[177  66];[98 81];[182  46];[123 144];[149 141];[127 178];[151 173];[136 212];[159 203];
[139  73];[138  70];[141  71];[131  73];[150  74];[115  92];[161  88];[79 92];[187  72];[88 75];[179  52];[128 145];[155 143];[132 179];[157 175];[141 212];[164 204];
[133  77];[133  74];[135  74];[133  76];[152  76];[120  93];[166  91];[82 87];[195  79];[78 70];[182  60];[134 145];[160 144];[137 179];[160 175];[146 212];[173 207];
[137  80];[137  77];[139  78];[136  79];[156  80];[124  94];[172  95];[86 84];[202  85];[67 67];[192  67];[138 147];[164 147];[143 179];[167 177];[151 213];[182 209];
[141  87];[141  85];[143  85];[141  85];[160  85];[131  96];[175  97];[95 84];[205  89];[67 70];[208  71];[145 148];[169 147];[148 179];[171 177];[156 211];[187 204];
[146  86];[145  83];[148  84];[141  83];[161  82];[132  94];[176  94];[97 81];[209  85];[67 69];[228  69];[146 147];[169 145];[148 179];[170 176];[156 211];[192 200];
[144  86];[144  83];[147  84];[141  82];[160  81];[132  93];[177  92];[97 82];[213  81];[67 68];[242  71];[145 146];[168 145];[149 179];[170 177];[158 211];[196 201];
[141  85];[140  82];[143  82];[141  82];[159  81];[132  93];[175  91];[96 82];[211  83];[67 68];[244  75];[145 146];[167 144];[150 176];[169 176];[159 209];[197 202];
[138  85];[138  82];[140  82];[141  81];[157  80];[132  92];[173  90];[97 83];[203  87];[68 68];[218  82];[146 144];[166 143];[154 178];[168 176];[169 208];[193 203];
[136  83];[137  81];[138  81];[140  81];[156  79];[130  92];[172  91];[94 85];[208  88];[69 69];[241  79];[147 144];[166 143];[156 178];[166 176];[177 207];[187 204];
[138  83];[137  80];[140  80];[137  81];[156  79];[127  92];[171  91];[87 85];[211  89];[70 68];[235  75];[146 142];[166 141];[158 178];[165 176];[188 205];[180 205];
[136  82];[136  79];[138  79];[137  80];[156  79];[127  93];[171  91];[86 89];[210  91];[72 73];[223  78];[148 141];[166 140];[159 177];[162 175];[192 202];[173 207];
[133  80];[134  78];[136  78];[137  80];[155  78];[126  93];[172  91];[86 91];[210  91];[75 74];[206  73];[145 142];[171 140];[153 177];[175 173];[165 208];[191 200];
[129  80];[130  77];[131  77];[135  78];[153  76];[124  92];[170  89];[84 93];[207  92];[77 76];[192  76];[145 141];[171 139];[153 172];[175 170];[163 202];[180 201];
[126  79];[127  77];[127  76];[133  75];[150  74];[122  90];[165  85];[86 95];[195  90];[79 79];[173  78];[145 141];[169 138];[157 172];[171 173];[164 200];[164 199];
[125  80];[126  77];[126  77];[132  76];[150  74];[123  92];[170  87];[87 97];[192  97];[82 81];[183 117];[144 144];[171 141];[162 172];[171 171];[172 202];[150 198];
[124  81];[126  78];[126  78];[136  79];[148  76];[127  95];[166  86];[ 95 100];[178  90];[85 85];[173 104];[147 141];[168 139];[165 169];[164 173];[178 204];[135 203];
[125  82];[127  79];[125  79];[137  79];[144  77];[132  96];[161  87];[103 103];[165  88];[92 89];[145  81];[148 140];[164 138];[167 168];[159 173];[182 202];[128 204];
[127  84];[130  81];[128  81];[140  82];[149  79];[136  99];[164  92];[110 109];[170 103];[99 93];[157 106];[151 143];[161 141];[168 174];[154 173];[174 203];[133 205];
[128  86];[130  82];[128  82];[139  82];[148  80];[141  98];[164  93];[118 112];[173 109];[107  98];[164 117];[151 145];[159 143];[167 175];[151 176];[185 203];[128 205];
[ 88 122];[ 88 120];[ 89 120];[ 87 121];[101 121];[ 79 131];[108 130];[ 61 140];[120 141];[ 67 140];[112 137];[ 87 167];[108 167];[ 62 179];[123 179];[ 65 204];[108 203];
[ 99 122];[ 98 119];[100 119];[ 92 119];[107 119];[ 83 128];[113 128];[ 65 138];[131 138];[ 80 143];[127 134];[ 87 163];[109 163];[ 67 177];[128 176];[ 63 203];[113 200];
[115 119];[114 116];[114 117];[ 98 116];[115 118];[ 88 126];[121 127];[ 69 133];[131 145];[ 84 136];[125 143];[ 90 159];[114 160];[ 73 176];[138 179];[ 60 200];[120 198];
[123 115];[123 112];[122 112];[107 111];[116 113];[ 92 121];[117 123];[ 74 129];[119 140];[ 83 144];[122 140];[ 90 156];[110 157];[ 75 177];[143 176];[ 54 199];[123 199];
[134 114];[134 110];[132 111];[122 108];[125 110];[104 117];[124 119];[ 80 126];[107 125];[ 88 139];[108 126];[ 98 155];[116 156];[ 82 177];[149 176];[ 52 196];[127 199];
[130 106];[131 104];[128 103];[125 104];[124 104];[120 115];[116 113];[110 129];[ 86 121];[108 136];[ 88 129];[107 154];[119 153];[ 87 178];[150 176];[ 54 195];[134 202];
[145 109];[145 105];[142 105];[130 103];[134 105];[115 110];[134 118];[ 96 114];[137 137];[ 84 124];[139 146];[105 143];[120 146];[ 97 175];[152 177];[ 59 191];[133 201];
[150 108];[151 105];[148 104];[139 102];[139 102];[129 113];[125 109];[109 122];[ 95 106];[ 87 123];[ 66 106];[117 152];[127 151];[102 181];[152 178];[ 63 191];[138 203];
[159 106];[160 103];[158 102];[147 100];[150  99];[136 112];[130 106];[111 119];[100 105];[ 93 127];[ 76 111];[125 151];[130 150];[110 180];[152 179];[ 70 191];[144 208];
[164 104];[165 101];[163  99];[154  98];[153  96];[147 114];[131 104];[136 129];[ 96 100];[131 143];[62 96];[132 152];[132 149];[116 183];[153 179];[ 74 194];[149 210];
[158 102];[159 100];[157  99];[150  96];[152  98];[130 103];[147 106];[ 94 100];[163 100];[60 95];[169  94];[135 147];[140 148];[144 173];[145 173];[159 205];[159 201];
[163 101];[163  98];[162  98];[151  94];[154  95];[132 101];[149 103];[94 99];[172 104];[59 94];[177  93];[141 148];[141 149];[151 180];[149 180];[104 195];[165 208];
[163 100];[164  97];[162  97];[152  92];[155  93];[128  98];[151 101];[92 97];[171 103];[56 93];[178  92];[135 146];[142 146];[153 176];[149 178];[120 196];[165 205];
[166  98];[168  95];[165  93];[161  92];[156  89];[156 102];[130  95];[169  99];[89 94];[177  88];[50 92];[145 144];[132 142];[155 175];[144 172];[149 201];[157 200];
[164  94];[165  91];[164  91];[153  86];[161  89];[126  92];[162  96];[86 92];[184  89];[48 90];[177  83];[132 141];[151 141];[138 181];[159 178];[164 205];[168 203];
[180  96];[181  92];[177  92];[165  84];[165  88];[132  90];[158  95];[88 90];[122  93];[47 90];[57 86];[130 138];[145 138];[146 179];[159 176];[168 209];[176 207];
[179  92];[180  88];[178  88];[161  81];[167  84];[128  89];[164  95];[86 88];[172 109];[46 85];[170 100];[131 142];[153 141];[130 178];[166 172];[165 205];[188 203];
[177  90];[179  85];[174  85];[162  79];[164  82];[128  88];[172  95];[88 88];[179 114];[50 87];[175 125];[132 143];[158 142];[125 178];[181 170];[162 204];[206 203];
[178  85];[179  80];[174  82];[160  74];[163  80];[129  83];[176  95];[92 85];[182 119];[53 83];[181 130];[131 141];[159 140];[122 178];[189 170];[161 204];[216 203];
[169  85];[173  82];[167  81];[172  76];[156  75];[174  90];[132  82];[172  92];[99 81];[155  78];[84 77];[163 138];[132 139];[190 169];[116 175];[221 200];[160 204];
[163  82];[167  78];[160  77];[168  78];[151  74];[176  86];[130  81];[200 103];[99 84];[200 125];[73 88];[164 133];[135 134];[191 168];[116 172];[229 199];[156 203];
[144  76];[149  74];[146  71];[159  75];[157  70];[143  82];[154  79];[122  90];[123  80];[113  95];[76 82];[141 134];[147 133];[147 173];[140 169];[217 196];[178 200];
[144  74];[147  72];[145  70];[152  72];[161  70];[131  77];[173  81];[104  81];[208  96];[79 84];[222  97];[135 133];[155 133];[130 171];[158 169];[188 197];[196 199];
[136  72];[140  69];[138  67];[148  70];[158  68];[129  76];[172  79];[110  75];[201  93];[85 80];[210 115];[134 134];[162 133];[119 169];[188 167];[153 199];[221 199];
[131  70];[134  68];[132  67];[142  68];[154  66];[128  78];[169  77];[109  78];[200  91];[87 85];[211 112];[134 133];[160 131];[117 167];[182 165];[149 197];[212 199];
[127  72];[131  69];[127  68];[144  68];[132  65];[167  77];[130  75];[202  89];[122  80];[210 114];[102  87];[161 131];[134 131];[177 165];[118 166];[203 200];[149 199];
[128  71];[132  68];[128  67];[144  67];[131  64];[166  76];[128  74];[202  89];[120  79];[210 114];[101  87];[161 130];[134 130];[178 165];[118 166];[203 199];[149 199];
[123  72];[126  69];[122  69];[137  67];[129  65];[164  76];[131  76];[199  88];[126  83];[208 115];[112  89];[159 131];[135 131];[171 165];[123 167];[193 201];[148 203];
[118  71];[121  68];[117  68];[133  65];[125  63];[158  75];[132  75];[196  88];[131  86];[204 115];[121  89];[156 129];[136 128];[164 166];[129 165];[183 201];[144 199];
[119  70];[122  66];[118  66];[134  63];[125  62];[158  75];[132  73];[195  89];[134  85];[204 117];[122  90];[155 129];[136 128];[164 166];[128 165];[183 202];[144 199];
[119  72];[121  68];[117  69];[132  63];[121  63];[157  74];[130  73];[193  87];[133  86];[203 114];[132 100];[157 127];[138 126];[155 163];[134 163];[172 201];[141 197];
[118  72];[120  68];[116  68];[130  61];[120  63];[150  73];[133  72];[185  86];[143  88];[197 113];[142 103];[153 126];[140 125];[149 163];[141 162];[156 200];[145 196];
[114  70];[116  65];[112  66];[127  59];[122  60];[140  72];[146  67];[176  88];[185  77];[190 114];[193  89];[153 128];[153 125];[144 164];[144 163];[147 204];[142 199];
[114  70];[116  65];[111  66];[126  59];[121  60];[139  72];[146  67];[175  87];[183  81];[189 113];[194 107];[152 128];[154 126];[143 164];[146 163];[147 203];[143 200];
[110  68];[112  64];[108  65];[124  59];[119  60];[134  72];[144  68];[168  87];[177  85];[183 114];[186 109];[149 127];[157 125];[140 166];[150 166];[137 205];[141 203];
[107  67];[109  62];[105  63];[122  57];[121  57];[129  67];[153  63];[156  85];[200  65];[174 109];[186  77];[144 123];[165 124];[127 161];[163 164];[121 203];[146 200];
[106  66];[109  61];[105  63];[123  57];[121  57];[129  66];[152  63];[156  84];[195  66];[174 109];[186  80];[143 124];[165 124];[127 161];[162 164];[121 203];[146 199];
[105  65];[107  59];[104  61];[121  53];[131  51];[130  62];[164  57];[147  80];[206  67];[164 106];[190  85];[144 119];[172 119];[120 159];[172 163];[108 205];[145 200];
[105  65];[106  59];[103  60];[119  53];[131  50];[129  62];[166  56];[142  82];[209  68];[158 109];[194  84];[145 117];[175 117];[117 158];[178 162];[100 204];[147 202];
[104  63];[107  58];[104  58];[119  54];[132  49];[127  63];[168  56];[136  82];[209  69];[148 113];[193  87];[143 117];[175 117];[113 158];[184 164];[ 92 205];[146 203];
[108  61];[110  56];[107  56];[120  53];[133  47];[125  63];[168  55];[129  82];[208  74];[137 114];[187  90];[141 116];[174 116];[111 157];[188 164];[ 86 203];[148 203];
[110  61];[111  56];[110  56];[122  52];[138  47];[123  62];[172  57];[119  82];[208  78];[130 111];[190  93];[136 118];[172 119];[105 161];[191 164];[ 79 206];[148 205];
[114  58];[116  54];[115  54];[125  50];[144  46];[120  63];[175  58];[109  83];[207  80];[121 112];[190  95];[130 121];[169 122];[102 162];[193 165];[ 73 207];[149 206];
[122  55];[123  51];[123  51];[130  48];[150  44];[123  60];[176  57];[101  80];[205  83];[113 106];[184  97];[131 122];[168 122];[106 162];[191 167];[ 71 203];[145 204];
[128  54];[128  50];[130  50];[131  47];[153  44];[124  58];[177  57];[95 81];[202  87];[105 105];[190 113];[128 120];[166 121];[102 163];[193 165];[ 72 208];[150 207];
[132  53];[132  49];[133  48];[134  47];[156  44];[125  59];[175  59];[92 80];[199  88];[101 104];[207  90];[128 120];[164 121];[105 164];[191 165];[ 74 207];[153 207];
[130  51];[132  47];[131  47];[137  45];[154  43];[126  58];[176  58];[92 79];[200  87];[102 104];[203  92];[128 120];[164 120];[104 164];[191 164];[ 74 208];[153 207];
[142  49];[141  46];[144  45];[136  45];[161  43];[124  59];[176  58];[89 79];[197  88];[ 97 102];[182 100];[126 120];[162 121];[110 162];[188 166];[ 78 206];[152 209];
[157  46];[155  43];[160  43];[140  43];[165  42];[125  58];[176  59];[88 78];[194  90];[ 95 101];[180 111];[124 123];[159 124];[112 164];[185 167];[ 84 206];[155 210];
[164  46];[162  42];[166  43];[143  42];[166  41];[126  60];[172  57];[89 78];[190  89];[ 96 103];[186 116];[127 127];[158 127];[116 165];[180 166];[ 92 206];[155 212];
[175  45];[172  41];[174  41];[147  39];[167  40];[128  58];[170  57];[89 78];[187  88];[ 94 104];[186 116];[125 124];[153 124];[126 160];[176 164];[101 204];[156 214];
[179  47];[177  43];[178  43];[151  40];[169  41];[128  58];[169  56];[89 77];[183  85];[ 93 102];[193 111];[125 124];[152 124];[131 162];[172 165];[110 205];[159 213];
[183  50];[183  46];[182  45];[160  41];[171  42];[131  54];[167  57];[92 75];[178  85];[ 94 102];[196 110];[127 120];[151 121];[134 161];[166 164];[119 203];[163 211];
[183  53];[184  48];[182  48];[163  44];[169  44];[131  53];[163  57];[93 75];[174  87];[ 93 103];[199 113];[126 118];[147 120];[139 159];[162 164];[126 202];[164 212];
[185  52];[186  48];[183  48];[170  43];[172  44];[137  52];[161  60];[97 74];[169  88];[ 96 103];[196 109];[131 117];[143 120];[146 158];[151 164];[141 199];[160 210];
[186  52];[187  48];[184  47];[169  45];[173  44];[138  57];[158  59];[100  77];[163  86];[100 105];[194 107];[136 123];[145 125];[152 164];[151 168];[150 203];[149 212];
[185  52];[187  48];[184  47];[170  45];[172  44];[137  56];[159  59];[99 78];[164  87];[100 105];[194 107];[135 122];[145 124];[151 165];[151 168];[153 204];[148 211];
[182  56];[185  53];[183  51];[170  45];[172  43];[139  55];[145  54];[107  75];[145  77];[101  98];[175  98];[142 122];[136 123];[170 163];[155 166];[136 202];[162 210];
[184  54];[186  50];[184  49];[173  44];[170  44];[144  57];[136  55];[109  80];[141  81];[105 104];[167 103];[149 122];[129 123];[181 159];[142 167];[141 197];[161 208];
[178  54];[180  51];[177  49];[172  48];[164  45];[161  59];[131  54];[171  55];[121  77];[179  41];[150  97];[155 121];[129 122];[186 160];[139 170];[147 196];[161 210];
[186  54];[187  50];[185  49];[173  47];[168  45];[165  60];[129  53];[173  51];[107  73];[176  37];[126  92];[155 121];[126 122];[186 163];[138 171];[147 203];[161 211];
[186  54];[187  50];[185  48];[174  46];[167  43];[165  60];[129  51];[162  85];[97 75];[163 105];[115  97];[154 119];[125 119];[184 162];[136 169];[145 203];[159 209];
[182  54];[183  49];[179  49];[172  45];[160  45];[167  59];[122  52];[166  80];[86 75];[167 104];[96 97];[153 120];[122 120];[181 162];[137 169];[144 201];[156 208];
[181  52];[181  47];[177  47];[169  44];[157  46];[173  59];[119  56];[168  80];[78 76];[165 108];[78 96];[155 118];[121 119];[177 165];[135 166];[138 201];[156 209];
[176  54];[178  48];[171  49];[173  46];[153  47];[173  61];[116  59];[171  83];[73 75];[171 117];[64 96];[156 120];[119 121];[171 166];[136 169];[133 200];[146 211];
[172  55];[174  49];[167  49];[171  48];[149  47];[174  63];[114  59];[172  82];[72 73];[170 112];[53 93];[156 120];[118 119];[165 167];[133 167];[130 202];[140 210];
[172  55];[174  50];[167  50];[171  48];[149  48];[173  62];[114  59];[172  77];[71 73];[165  94];[53 93];[156 120];[118 120];[165 168];[133 168];[130 203];[140 210];
[167  55];[169  50];[162  50];[168  48];[147  47];[173  63];[112  59];[175  87];[69 74];[170 119];[42 95];[153 121];[116 120];[162 169];[129 165];[128 203];[131 208];
