[154  73];[156  70];[152  70];[157  71];[147  71];[174  86];[136  81];[207  93];[128  81];[192  82];[161  72];[160 123];[136 121];[169 150];[116 145];[154 178];[110 178];
[154  73];[156  70];[152  70];[157  71];[147  71];[174  86];[136  81];[207  93];[128  81];[192  82];[161  72];[160 123];[136 121];[169 150];[116 145];[154 178];[110 178];
[154  73];[156  70];[152  70];[157  71];[147  71];[174  86];[136  81];[207  93];[128  81];[192  82];[161  72];[160 123];[136 121];[169 150];[116 145];[154 178];[110 178];
[156  73];[157  70];[153  70];[157  71];[146  71];[174  86];[136  81];[207  93];[128  82];[192  82];[159  73];[160 123];[136 120];[169 150];[116 145];[154 178];[110 177];
[164  69];[163  67];[160  67];[158  69];[148  71];[174  85];[137  81];[208  92];[126  83];[196  81];[154  77];[160 123];[136 120];[169 149];[116 144];[154 178];[110 177];
[166  70];[165  67];[161  68];[161  69];[150  71];[172  84];[137  81];[208  91];[120  84];[200  79];[145  80];[160 122];[136 121];[169 150];[115 145];[154 179];[110 177];
[165  69];[165  65];[159  67];[164  68];[147  70];[173  84];[135  82];[208  90];[114  85];[210  79];[139  79];[159 122];[135 121];[169 150];[114 145];[153 179];[110 177];
[162  71];[163  67];[157  69];[164  69];[145  72];[174  85];[134  83];[207  87];[109  86];[216  80];[137  79];[159 122];[134 121];[167 149];[113 145];[153 179];[110 177];
[164  69];[163  66];[159  67];[160  69];[147  72];[175  84];[132  83];[206  85];[104  85];[222  76];[128  79];[159 123];[132 121];[166 151];[110 145];[153 179];[110 179];
[161  68];[161  64];[156  66];[161  67];[146  71];[173  83];[133  83];[207  82];[108  83];[226  72];[100  84];[159 121];[133 120];[165 150];[112 145];[154 179];[109 177];
[160  67];[160  63];[154  65];[161  65];[144  70];[173  83];[133  82];[205  81];[112  81];[226  72];[99 82];[158 122];[132 120];[165 150];[111 145];[154 178];[109 176];
[156  67];[157  63];[151  65];[158  66];[141  71];[171  83];[131  84];[204  81];[111  82];[226  72];[99 81];[158 122];[131 120];[164 150];[111 145];[154 179];[109 176];
[156  67];[157  63];[150  64];[157  66];[140  71];[171  83];[130  84];[204  81];[110  82];[225  72];[98 82];[158 122];[131 121];[164 150];[111 145];[153 179];[109 176];
[156  67];[156  63];[150  65];[157  66];[140  71];[171  83];[130  83];[204  81];[110  81];[226  72];[97 82];[158 122];[131 121];[164 150];[111 145];[153 179];[109 176];
[155  67];[156  63];[150  65];[157  66];[140  70];[171  83];[130  83];[204  81];[111  81];[225  72];[98 82];[158 122];[132 121];[164 150];[111 146];[153 179];[109 176];
[155  67];[156  63];[150  65];[157  66];[140  71];[171  83];[130  83];[204  81];[111  82];[224  72];[98 82];[158 122];[132 121];[165 150];[111 146];[153 179];[109 176];
[155  67];[156  64];[150  65];[157  66];[140  71];[171  83];[130  83];[205  81];[111  82];[224  72];[99 82];[159 122];[132 121];[164 150];[111 146];[153 179];[109 176];
[155  68];[156  64];[150  66];[156  66];[140  71];[171  83];[130  83];[204  81];[112  82];[225  72];[98 82];[159 122];[132 121];[165 150];[111 146];[154 179];[109 176];
[155  68];[156  64];[150  66];[156  66];[140  72];[171  83];[131  83];[205  81];[113  82];[225  72];[99 82];[159 122];[132 121];[165 150];[111 145];[154 178];[109 176];
[155  68];[156  64];[150  66];[156  66];[140  72];[171  83];[131  83];[205  81];[112  82];[224  72];[100  82];[159 122];[132 121];[165 150];[111 145];[154 179];[109 176];
[155  67];[155  63];[149  65];[156  66];[139  72];[171  83];[131  84];[205  80];[115  83];[225  71];[100  82];[160 122];[133 121];[165 150];[111 145];[154 179];[109 176];
[153  67];[154  63];[148  65];[156  65];[139  71];[171  82];[131  83];[206  80];[115  82];[221  68];[101  84];[159 122];[134 121];[166 149];[111 146];[154 179];[110 177];
[152  67];[154  63];[147  65];[156  65];[138  71];[170  81];[129  82];[207  78];[110  82];[216  66];[100  86];[159 121];[133 120];[167 149];[111 146];[155 179];[110 177];
[152  66];[152  62];[146  64];[155  65];[137  72];[170  81];[129  82];[207  76];[106  83];[208  62];[99 88];[160 121];[133 120];[166 150];[112 147];[154 179];[110 177];
[149  67];[150  62];[143  65];[154  64];[135  71];[169  80];[127  82];[207  73];[99 86];[196  60];[116  79];[160 122];[133 121];[167 150];[111 147];[154 179];[110 178];
[148  67];[149  63];[142  65];[153  65];[135  71];[168  79];[127  83];[203  70];[99 86];[185  60];[119  74];[160 122];[133 122];[167 150];[111 147];[154 179];[110 178];
[146  68];[146  65];[143  66];[140  67];[147  69];[127  82];[166  81];[98 85];[199  66];[116  74];[178  56];[135 121];[158 122];[115 147];[159 150];[110 179];[154 180];
[145  67];[147  64];[140  65];[151  65];[133  71];[165  80];[125  83];[195  64];[94 85];[169  57];[115  75];[159 123];[131 122];[168 150];[110 146];[153 180];[110 179];
[144  66];[146  63];[140  64];[149  65];[133  69];[164  80];[123  83];[192  63];[92 84];[165  56];[115  73];[159 122];[131 122];[169 149];[110 146];[153 179];[110 179];
[141  66];[143  63];[136  64];[148  65];[131  70];[163  80];[123  84];[191  63];[91 85];[164  55];[114  72];[159 122];[131 122];[170 150];[109 146];[153 179];[109 179];
[139  67];[141  64];[135  65];[146  66];[130  70];[162  79];[121  84];[190  63];[90 84];[164  55];[113  72];[158 121];[130 122];[170 150];[110 146];[153 179];[109 179];
[139  66];[141  63];[135  64];[146  65];[131  69];[161  79];[121  84];[190  63];[90 84];[164  55];[112  72];[158 122];[130 122];[171 150];[109 146];[153 179];[110 179];
[139  65];[141  62];[134  64];[146  65];[130  70];[162  79];[122  84];[190  62];[90 84];[164  55];[113  72];[159 122];[130 122];[171 150];[109 146];[152 179];[110 179];
[139  66];[141  62];[135  64];[146  65];[131  69];[162  79];[122  84];[190  63];[90 84];[164  55];[113  72];[159 122];[131 122];[171 149];[109 146];[153 179];[110 179];
[139  66];[142  62];[135  64];[147  65];[130  70];[162  79];[122  84];[190  62];[91 84];[164  54];[113  72];[159 122];[131 122];[171 150];[109 147];[153 179];[110 179];
[139  66];[142  62];[135  64];[148  65];[131  69];[163  79];[123  84];[191  62];[91 84];[164  54];[113  72];[159 122];[131 122];[171 150];[109 147];[153 179];[110 179];
[140  66];[143  62];[135  63];[149  64];[130  69];[163  79];[123  83];[191  62];[90 85];[164  54];[113  72];[159 122];[131 122];[170 150];[110 146];[153 179];[110 179];
[139  66];[143  62];[135  63];[150  64];[130  68];[163  79];[122  83];[191  62];[90 84];[163  54];[112  70];[159 122];[131 122];[170 150];[110 146];[153 179];[111 179];
[139  65];[143  61];[135  62];[151  65];[130  67];[163  79];[122  83];[190  62];[90 83];[163  55];[112  67];[159 122];[130 122];[169 150];[111 146];[153 179];[110 179];
[138  64];[142  61];[134  62];[150  65];[130  67];[163  79];[123  83];[190  62];[89 79];[160  55];[108  63];[158 122];[130 122];[169 149];[112 147];[153 179];[111 179];
[139  63];[141  61];[136  61];[146  65];[133  66];[163  80];[122  82];[190  62];[88 73];[160  56];[106  59];[158 121];[129 121];[167 149];[113 146];[153 179];[111 179];
[137  60];[142  57];[134  57];[151  63];[131  64];[162  78];[122  79];[188  62];[89 65];[158  56];[104  47];[156 120];[129 119];[166 149];[114 144];[152 180];[110 179];
[141  71];[144  68];[138  68];[152  68];[133  67];[162  78];[122  78];[187  63];[92 62];[158  56];[100  42];[155 119];[128 119];[165 149];[115 145];[152 179];[110 178];
[142  71];[145  69];[139  69];[152  68];[134  68];[162  77];[122  77];[187  63];[93 59];[159  56];[100  39];[155 119];[128 118];[164 148];[115 146];[151 179];[110 178];
[143  71];[147  68];[140  68];[153  68];[134  67];[162  77];[122  76];[187  63];[95 56];[159  56];[100  36];[155 118];[128 117];[163 148];[115 146];[151 179];[110 178];
[143  69];[147  66];[140  66];[154  67];[135  66];[162  76];[122  75];[187  63];[96 55];[161  57];[101  35];[155 118];[128 117];[163 148];[115 146];[150 179];[110 178];
[143  69];[147  67];[140  66];[154  67];[135  66];[163  77];[123  75];[187  63];[97 55];[161  58];[100  35];[155 118];[128 117];[162 148];[115 146];[151 179];[110 178];
[144  66];[148  64];[141  64];[154  65];[136  64];[163  76];[123  75];[187  63];[97 55];[161  58];[101  35];[155 118];[128 117];[162 148];[115 146];[151 179];[111 178];
[144  72];[148  70];[141  69];[154  68];[135  67];[163  76];[123  74];[187  63];[97 55];[161  58];[101  35];[155 118];[128 117];[161 147];[115 146];[151 179];[111 178];
[144  68];[147  65];[141  65];[154  66];[136  65];[163  76];[123  75];[188  63];[97 54];[162  58];[101  34];[155 118];[128 117];[161 147];[115 145];[151 179];[111 178];
[144  64];[148  62];[141  61];[155  64];[136  63];[163  76];[123  75];[188  64];[97 54];[162  58];[102  34];[155 118];[128 117];[161 147];[115 145];[151 179];[111 178];
[144  69];[148  66];[141  66];[155  66];[136  65];[163  76];[123  74];[188  63];[97 55];[162  58];[101  35];[155 118];[128 117];[160 147];[115 145];[151 179];[111 178];
[144  71];[148  68];[141  68];[155  67];[136  66];[164  76];[123  75];[188  63];[97 56];[162  58];[99 36];[155 118];[128 117];[160 147];[115 145];[151 179];[111 178];
[145  74];[148  71];[142  71];[153  68];[137  67];[164  75];[123  74];[189  64];[95 57];[163  58];[99 38];[155 117];[128 116];[160 147];[116 146];[151 179];[111 178];
[146  69];[148  67];[144  67];[152  66];[139  65];[164  76];[123  74];[189  64];[94 59];[164  59];[101  41];[154 117];[128 116];[160 146];[115 145];[150 179];[111 178];
[146  63];[149  61];[144  61];[152  62];[139  62];[164  76];[123  75];[190  64];[94 63];[165  61];[101  48];[155 118];[127 117];[160 146];[116 145];[150 179];[111 178];
[151  67];[150  65];[152  65];[136  65];[155  66];[124  76];[163  78];[97 68];[190  66];[109  56];[166  60];[128 117];[153 118];[116 146];[159 148];[110 179];[151 179];
[150  66];[150  64];[149  64];[145  65];[146  66];[164  77];[125  75];[191  66];[98 74];[166  62];[111  69];[153 119];[128 118];[160 147];[115 145];[151 180];[111 179];
[156  67];[155  64];[157  65];[139  65];[158  66];[128  77];[165  76];[104  81];[191  69];[121  77];[170  63];[128 117];[153 119];[116 146];[159 148];[110 178];[151 179];
[152  69];[153  67];[150  67];[152  66];[145  66];[165  75];[129  75];[192  66];[110  84];[168  64];[128  90];[154 118];[129 116];[159 147];[116 146];[151 179];[110 178];
[148  69];[151  66];[145  65];[158  65];[140  65];[167  75];[130  76];[193  65];[114  88];[168  64];[127  97];[155 118];[130 117];[159 147];[116 145];[151 179];[110 177];
[153  70];[155  67];[149  67];[160  65];[142  67];[169  75];[130  78];[196  65];[119  94];[172  66];[129 105];[156 120];[131 118];[159 148];[116 145];[151 179];[109 177];
[155  73];[158  69];[152  70];[162  66];[142  68];[170  74];[131  78];[197  65];[120  93];[174  67];[129 106];[157 120];[132 119];[159 148];[116 145];[152 179];[109 177];
[155  72];[157  68];[151  69];[161  66];[142  68];[170  75];[131  78];[197  65];[120  94];[174  67];[131 107];[158 120];[132 119];[159 148];[117 146];[152 179];[109 177];
[154  71];[157  67];[150  67];[161  66];[142  67];[170  75];[131  78];[197  65];[120  93];[173  68];[130 107];[158 120];[132 119];[159 148];[117 145];[152 179];[109 177];
[153  70];[157  66];[149  66];[162  65];[141  67];[170  75];[131  79];[198  65];[120  93];[172  67];[129 107];[158 120];[132 119];[159 148];[117 145];[152 179];[109 177];
[153  71];[156  67];[149  68];[161  65];[141  67];[170  75];[131  78];[198  65];[120  93];[173  68];[129 107];[158 120];[132 119];[158 148];[117 145];[152 179];[109 177];
[153  71];[156  67];[149  67];[161  65];[141  67];[169  75];[131  78];[198  65];[120  93];[173  68];[128 107];[158 120];[132 118];[159 148];[117 145];[152 179];[109 177];
[152  71];[155  67];[149  68];[161  66];[141  67];[169  75];[130  78];[198  66];[120  94];[173  68];[128 107];[158 120];[132 119];[158 148];[117 145];[152 179];[109 177];
[152  70];[155  66];[148  67];[160  65];[141  67];[169  74];[130  78];[198  66];[120  95];[174  68];[130 109];[158 120];[132 119];[159 148];[117 146];[151 179];[109 177];
[151  68];[154  64];[147  65];[160  64];[140  66];[169  75];[130  79];[199  66];[119  96];[175  68];[131 109];[158 120];[132 119];[160 148];[116 145];[151 179];[109 177];
[152  68];[154  64];[147  65];[158  65];[139  68];[168  77];[128  80];[202  69];[112  97];[178  70];[127 105];[158 121];[131 120];[160 148];[116 144];[151 180];[110 177];
[151  67];[153  63];[146  64];[156  63];[138  67];[168  78];[127  81];[202  71];[110  97];[183  71];[127 103];[158 120];[131 119];[160 148];[115 144];[152 179];[110 177];
[146  68];[148  64];[142  65];[152  64];[137  68];[167  77];[126  81];[205  72];[109  98];[191  68];[123 101];[157 119];[131 119];[160 147];[114 143];[152 179];[110 177];
[146  68];[148  64];[141  65];[151  64];[135  68];[166  77];[124  82];[204  73];[107  98];[193  67];[120  97];[156 119];[130 119];[160 146];[113 143];[152 179];[111 178];
[143  67];[144  62];[138  64];[148  63];[132  68];[165  76];[123  82];[200  72];[108  98];[196  67];[116  96];[156 119];[130 119];[159 147];[112 144];[153 179];[111 177];
[142  67];[144  62];[137  65];[146  63];[130  70];[161  76];[124  82];[187  73];[109  97];[200  67];[111  97];[154 119];[130 120];[159 147];[112 144];[152 178];[111 177];
[141  65];[141  61];[137  63];[141  63];[129  69];[160  76];[123  82];[190  72];[111  92];[202  66];[111  94];[154 118];[130 119];[159 147];[112 144];[152 178];[111 176];
[129  70];[130  66];[127  67];[137  65];[126  69];[160  75];[127  81];[191  73];[117  89];[203  67];[113  93];[151 117];[133 117];[153 147];[117 143];[150 177];[114 176];
[134  68];[134  64];[131  66];[136  64];[126  70];[159  75];[124  82];[188  72];[118  90];[201  66];[113  93];[153 117];[131 117];[159 147];[111 143];[152 178];[111 176];
[136  66];[136  63];[132  65];[136  64];[125  71];[158  76];[124  82];[186  73];[118  90];[201  66];[112  93];[152 117];[131 118];[155 147];[113 143];[151 177];[112 176];
[135  66];[136  62];[131  65];[138  63];[125  71];[158  76];[124  82];[186  73];[119  90];[200  66];[114  93];[153 117];[130 118];[157 147];[112 143];[152 177];[111 176];
[136  65];[137  61];[131  64];[139  63];[125  71];[158  76];[124  82];[186  73];[118  90];[201  67];[113  93];[153 117];[129 118];[158 147];[112 143];[152 178];[111 176];
[136  66];[138  62];[132  64];[140  63];[126  71];[158  76];[123  82];[183  74];[116  90];[199  68];[114  93];[153 118];[129 118];[159 147];[112 143];[152 178];[110 176];
[136  66];[138  62];[131  65];[142  63];[126  71];[158  77];[123  82];[184  76];[117  89];[197  72];[114  92];[153 118];[129 118];[159 147];[112 143];[153 178];[111 176];
[136  67];[138  63];[131  65];[142  63];[126  70];[160  77];[123  82];[191  79];[114  89];[192  78];[112  93];[154 118];[130 118];[159 147];[112 142];[153 179];[110 176];
[136  68];[138  64];[131  66];[143  64];[126  71];[160  77];[122  82];[190  82];[106  93];[186  83];[108  94];[154 118];[130 118];[159 146];[112 143];[152 179];[111 177];
[133  69];[135  65];[128  67];[143  64];[125  71];[159  77];[122  83];[185  84];[105  96];[169  89];[107  95];[154 118];[129 118];[159 147];[112 142];[151 180];[112 178];
[132  70];[135  66];[128  68];[143  65];[125  70];[159  78];[121  83];[184  87];[103 100];[168  93];[107  92];[153 119];[128 120];[159 147];[112 143];[151 180];[112 179];
[131  71];[134  66];[127  68];[143  65];[124  70];[158  78];[121  84];[179  91];[102 101];[161  96];[107  88];[153 120];[127 121];[159 146];[112 143];[151 179];[112 179];
[128  72];[132  68];[125  69];[142  66];[122  70];[156  78];[119  82];[169  92];[101  98];[148  99];[106  85];[152 120];[126 121];[160 146];[111 143];[151 179];[112 178];
[128  72];[132  68];[125  69];[142  67];[122  70];[156  78];[119  82];[166  93];[103  96];[145 101];[107  84];[151 119];[127 119];[159 146];[112 143];[151 178];[111 178];
[127  72];[131  68];[124  69];[141  67];[122  70];[156  78];[119  82];[164  92];[104  96];[148 100];[106  85];[151 119];[127 119];[159 146];[112 143];[151 178];[111 177];
[127  72];[130  68];[124  69];[141  66];[121  69];[155  78];[118  81];[164  94];[105  95];[145 102];[106  86];[150 119];[127 119];[159 146];[112 143];[151 178];[111 177];
[125  71];[129  67];[123  68];[140  66];[121  69];[155  78];[118  81];[164  92];[105  96];[148 101];[107  86];[150 119];[126 119];[160 146];[111 144];[152 178];[111 177];
[125  71];[129  67];[123  67];[140  66];[120  68];[155  78];[118  81];[165  92];[105  96];[151 100];[106  87];[150 119];[126 119];[160 146];[111 144];[152 178];[112 177];
[126  72];[130  68];[123  68];[141  66];[121  68];[156  78];[118  80];[165  93];[104  95];[152 101];[106  87];[150 120];[125 120];[161 146];[110 144];[151 178];[111 178];
[126  71];[130  67];[123  68];[142  66];[122  68];[156  78];[118  81];[165  95];[104  96];[146 104];[107  86];[150 120];[125 120];[161 146];[109 144];[151 179];[112 178];
[129  72];[132  68];[125  68];[143  66];[122  69];[157  78];[118  80];[166  96];[101  96];[146 106];[106  86];[150 120];[124 120];[161 145];[109 143];[151 179];[112 178];
[128  69];[133  65];[125  65];[144  67];[123  67];[157  79];[117  80];[167  95];[98 94];[153 104];[104  85];[151 120];[124 120];[162 146];[110 143];[151 179];[111 178];
[132  69];[137  65];[129  66];[147  67];[126  67];[160  80];[118  79];[169  97];[93 85];[152 110];[98 86];[152 120];[127 119];[164 147];[112 146];[152 178];[111 178];
[134  67];[139  64];[131  63];[149  66];[129  65];[161  81];[120  77];[171  99];[90 81];[158 112];[100  77];[154 120];[127 119];[165 147];[114 144];[152 179];[112 179];
[136  66];[141  63];[134  63];[150  67];[131  64];[162  82];[120  76];[172 101];[91 75];[164 114];[104  70];[154 121];[128 120];[166 147];[115 145];[153 179];[113 179];
[138  66];[143  64];[136  63];[152  67];[133  64];[164  83];[121  75];[174 103];[95 69];[169 115];[105  67];[155 121];[128 119];[167 147];[116 146];[153 179];[113 179];
[140  66];[145  64];[139  63];[155  67];[136  64];[164  84];[123  75];[176 103];[94 66];[174 116];[119  65];[155 122];[129 120];[166 147];[116 147];[153 179];[113 179];
[142  66];[147  64];[140  62];[157  67];[138  63];[165  84];[125  75];[178 103];[97 66];[177 117];[123  66];[155 123];[129 121];[166 148];[117 147];[153 179];[113 179];
[143  66];[148  64];[142  62];[157  68];[139  63];[166  85];[125  74];[178 105];[98 66];[178 118];[123  65];[156 123];[130 120];[167 148];[117 146];[153 179];[112 179];
[142  69];[147  67];[140  65];[157  69];[139  64];[167  85];[126  74];[178 106];[98 66];[177 119];[124  65];[156 123];[130 120];[167 148];[116 146];[153 179];[111 179];
[143  70];[147  68];[141  66];[157  69];[139  65];[167  86];[126  75];[177 105];[99 66];[177 120];[125  65];[155 123];[129 121];[167 148];[116 146];[153 179];[111 179];
[143  70];[147  68];[142  66];[156  69];[140  65];[166  85];[125  75];[177 105];[99 65];[176 120];[124  64];[155 123];[129 121];[168 148];[116 146];[153 179];[111 179];
[152  71];[155  69];[150  67];[160  69];[144  65];[166  86];[126  74];[177 105];[99 65];[177 120];[124  63];[155 123];[129 120];[168 149];[116 147];[153 179];[110 180];
[147  65];[152  64];[146  62];[159  69];[143  63];[166  86];[126  74];[179 105];[100  65];[178 118];[126  64];[155 123];[129 120];[168 149];[117 147];[153 179];[110 180];
[150  66];[155  65];[150  62];[160  69];[145  63];[166  86];[128  74];[180 103];[102  63];[183 113];[127  63];[155 122];[129 119];[168 149];[118 147];[153 179];[110 180];
[147  66];[153  65];[147  62];[160  70];[144  63];[166  86];[129  73];[183 103];[105  62];[183 108];[130  62];[155 121];[130 118];[169 149];[118 146];[152 180];[110 179];
[149  66];[154  65];[149  62];[162  71];[146  63];[167  86];[131  73];[186 100];[108  61];[191 106];[125  60];[155 121];[131 118];[168 150];[120 147];[153 179];[111 180];
[151  64];[156  64];[151  61];[163  70];[148  63];[168  86];[133  73];[189  95];[112  59];[192  98];[130  59];[155 121];[131 117];[168 150];[121 147];[153 180];[111 180];
[156  65];[161  65];[155  61];[166  71];[150  62];[168  85];[134  73];[194  93];[116  57];[198  89];[141  57];[155 122];[131 118];[168 150];[121 147];[153 180];[111 180];
[158  63];[164  64];[157  60];[168  71];[152  63];[171  84];[136  72];[202  85];[120  55];[199  81];[146  56];[156 121];[132 116];[169 150];[122 147];[153 180];[111 180];
[162  63];[166  63];[161  60];[169  70];[155  63];[172  83];[138  71];[202  85];[125  53];[203  77];[151  56];[156 121];[132 116];[169 151];[121 147];[153 180];[110 180];
[165  63];[169  63];[163  60];[171  68];[157  62];[173  82];[140  71];[203  80];[128  53];[202  74];[153  55];[156 121];[132 116];[169 151];[121 147];[153 180];[111 179];
[165  67];[169  66];[164  63];[172  69];[158  64];[174  82];[141  71];[204  80];[129  53];[201  72];[155  55];[157 121];[133 116];[169 151];[121 146];[153 180];[109 179];
[165  64];[169  64];[164  61];[171  68];[158  63];[174  83];[141  71];[203  80];[129  53];[203  73];[156  55];[157 120];[133 116];[169 151];[121 147];[153 180];[109 179];
[166  63];[169  62];[164  60];[171  68];[157  63];[174  82];[140  71];[204  80];[129  53];[202  73];[155  55];[157 121];[133 116];[169 151];[121 147];[153 180];[109 179];
[165  62];[168  61];[163  59];[171  67];[157  62];[174  82];[140  71];[204  81];[128  53];[203  73];[154  55];[157 121];[133 116];[169 151];[121 147];[153 180];[109 179];
[165  62];[168  61];[163  59];[171  67];[157  62];[174  82];[140  71];[204  80];[128  53];[201  72];[153  55];[157 121];[133 116];[169 151];[121 147];[153 180];[109 180];
[164  61];[168  61];[162  58];[171  66];[156  61];[174  81];[140  71];[204  80];[127  54];[201  72];[152  55];[157 121];[133 116];[169 151];[121 147];[153 180];[109 180];
[165  63];[169  62];[163  59];[171  68];[156  62];[174  83];[140  72];[205  81];[126  55];[201  73];[152  56];[157 121];[133 116];[169 151];[121 147];[153 180];[109 180];
[163  64];[167  63];[160  61];[170  69];[154  64];[174  83];[139  73];[206  81];[124  57];[200  71];[150  57];[158 121];[133 116];[169 152];[121 147];[153 180];[109 181];
[162  66];[166  65];[160  62];[169  71];[154  66];[174  83];[139  74];[207  80];[121  60];[201  70];[144  58];[158 121];[133 116];[169 151];[121 146];[153 180];[109 181];
[151  66];[156  65];[152  63];[165  71];[153  67];[176  83];[139  75];[209  80];[119  63];[201  67];[136  60];[159 121];[134 117];[168 151];[120 147];[153 180];[110 180];
[159  69];[163  66];[156  65];[167  69];[149  66];[172  82];[136  76];[207  79];[116  71];[203  66];[140  64];[158 120];[134 118];[168 150];[118 147];[153 178];[111 178];
[162  68];[165  66];[159  65];[168  69];[148  66];[171  82];[135  78];[204  77];[119  74];[201  66];[139  64];[159 121];[134 119];[168 150];[116 146];[153 178];[113 177];
[157  70];[161  67];[154  67];[165  70];[146  69];[170  81];[135  79];[200  74];[121  76];[198  65];[137  65];[158 120];[134 118];[167 150];[116 144];[153 178];[114 177];
[154  69];[158  66];[151  66];[162  69];[144  68];[169  81];[135  79];[193  73];[124  74];[195  64];[137  65];[158 120];[135 118];[166 149];[116 144];[153 178];[114 177];
[154  69];[156  66];[150  67];[160  68];[142  70];[168  81];[134  80];[189  71];[123  76];[191  64];[135  67];[158 119];[135 118];[166 149];[117 144];[154 178];[114 177];
[151  71];[154  68];[148  68];[158  69];[140  71];[166  81];[133  81];[187  70];[122  78];[187  63];[131  68];[159 120];[136 118];[165 149];[118 146];[154 178];[115 177];
[149  70];[152  67];[146  68];[156  69];[139  70];[165  81];[132  80];[186  69];[121  73];[187  63];[137  66];[159 119];[135 118];[165 149];[118 146];[154 178];[114 178];
[147  70];[150  67];[144  68];[155  70];[138  71];[166  81];[132  81];[187  68];[119  74];[183  63];[133  69];[159 119];[135 118];[164 149];[117 146];[154 178];[114 178];
[147  70];[150  67];[143  68];[155  69];[137  71];[166  81];[131  81];[187  68];[117  74];[183  62];[130  68];[158 121];[134 120];[164 149];[116 145];[152 179];[114 178];
[147  70];[150  67];[143  67];[155  68];[137  70];[166  81];[131  81];[186  69];[116  73];[183  62];[128  69];[158 121];[134 120];[165 149];[116 145];[152 179];[114 178];
[147  70];[150  67];[143  67];[154  68];[137  70];[166  81];[131  81];[185  69];[116  74];[183  62];[127  71];[159 121];[134 119];[165 149];[116 145];[153 179];[114 178];
[146  70];[149  67];[142  67];[154  68];[137  70];[166  81];[131  81];[185  69];[116  74];[182  62];[128  71];[159 121];[135 119];[165 150];[116 145];[153 179];[114 178];
[146  70];[149  67];[142  67];[154  68];[137  70];[166  81];[131  81];[185  68];[116  75];[180  62];[129  70];[160 121];[135 120];[165 150];[116 145];[153 179];[114 178];
[146  70];[149  67];[142  67];[154  68];[137  71];[166  81];[131  81];[185  69];[116  75];[180  62];[129  70];[160 121];[135 120];[165 150];[116 145];[153 179];[114 178];
[146  70];[149  67];[142  67];[154  68];[137  71];[166  81];[131  81];[185  69];[115  75];[180  62];[127  72];[160 121];[135 120];[165 150];[116 145];[153 179];[114 178];
[146  70];[149  67];[142  68];[154  68];[137  71];[166  81];[131  81];[186  69];[115  75];[180  62];[128  72];[159 121];[135 120];[165 150];[116 145];[153 179];[114 178];
[146  70];[149  66];[142  67];[154  68];[137  70];[166  81];[131  81];[186  69];[115  75];[179  62];[129  70];[159 121];[135 120];[165 150];[116 145];[153 179];[114 178];
[146  70];[149  66];[142  67];[154  68];[137  70];[166  81];[131  81];[186  68];[115  75];[177  62];[127  72];[159 121];[135 120];[165 150];[116 145];[153 179];[114 178];
[145  70];[148  67];[142  68];[154  69];[137  70];[166  81];[131  81];[186  68];[115  75];[176  62];[126  73];[159 121];[135 119];[165 149];[116 145];[153 179];[114 178];
[146  70];[149  67];[142  68];[154  68];[137  70];[166  81];[131  81];[186  68];[115  76];[174  62];[125  73];[159 121];[135 120];[165 150];[116 145];[153 179];[114 178];
[146  71];[149  68];[143  69];[153  68];[137  70];[165  78];[130  79];[189  73];[114  81];[170  67];[123  77];[159 119];[136 118];[165 149];[116 146];[154 178];[114 177];
[143  71];[146  68];[140  69];[153  69];[134  70];[164  78];[129  80];[193  77];[111  87];[172  74];[125  78];[159 120];[135 119];[165 150];[116 146];[154 179];[114 178];
[141  74];[143  70];[138  71];[150  68];[133  72];[164  79];[129  82];[192  80];[112  91];[177  80];[125  82];[160 121];[136 121];[165 150];[116 146];[153 179];[114 177];
[137  72];[140  68];[133  69];[148  67];[130  71];[165  78];[127  83];[196  85];[112  98];[171  87];[123  85];[160 121];[134 121];[165 150];[114 145];[153 180];[115 179];
[134  73];[137  68];[130  70];[146  67];[127  73];[162  79];[125  85];[194  88];[113  99];[171  91];[123  89];[161 121];[136 121];[165 149];[115 145];[154 179];[114 177];
[135  72];[137  68];[130  70];[144  68];[125  73];[160  80];[122  86];[189  91];[116 104];[170  95];[123  93];[161 121];[135 122];[165 150];[115 144];[153 179];[114 178];
[133  72];[135  68];[128  70];[141  69];[123  74];[159  81];[119  87];[188  93];[118 108];[170  97];[124  96];[161 121];[135 122];[166 151];[114 145];[153 179];[114 179];
[131  74];[133  70];[126  72];[139  70];[122  75];[158  82];[119  88];[188  94];[118 107];[170  98];[124 101];[160 121];[133 122];[169 150];[113 146];[154 178];[113 179];
[132  77];[134  73];[128  75];[139  71];[123  76];[158  82];[118  89];[190  95];[119 108];[171  98];[124 101];[159 122];[133 122];[170 150];[113 146];[153 179];[112 179];
[132  78];[134  74];[128  76];[140  72];[123  77];[158  82];[117  88];[190  95];[118 108];[172  99];[124 101];[158 122];[132 122];[172 150];[112 146];[154 178];[112 179];
[136  76];[139  73];[132  74];[143  72];[125  75];[159  82];[116  87];[193  95];[112 109];[175 102];[127  97];[157 123];[130 123];[174 150];[111 145];[155 178];[112 179];
[139  77];[141  73];[134  74];[145  73];[126  75];[161  83];[116  86];[194  95];[106 108];[179 101];[129  97];[157 123];[129 123];[174 150];[111 146];[155 178];[111 179];
[143  77];[145  74];[138  74];[148  72];[128  75];[161  82];[117  85];[192  93];[101 106];[180  96];[128  98];[157 124];[129 124];[175 151];[110 147];[155 178];[112 179];
[147  77];[149  73];[142  74];[151  73];[131  74];[159  83];[119  85];[187  90];[ 99 102];[207  94];[114 102];[156 125];[130 125];[176 151];[110 147];[155 178];[111 180];
[153  78];[154  74];[149  75];[153  74];[135  75];[162  83];[120  85];[190  91];[ 99 100];[210  95];[106 101];[156 126];[130 126];[176 151];[110 147];[155 178];[111 180];
[159  78];[159  75];[155  75];[155  75];[141  75];[163  86];[122  86];[190  91];[101 102];[216  96];[126 101];[155 127];[129 126];[176 151];[110 147];[155 178];[111 180];
[163  78];[163  75];[159  75];[158  75];[144  75];[163  87];[124  86];[191  92];[103 102];[208  96];[134 102];[154 127];[128 126];[176 151];[111 147];[155 178];[111 180];
[168  80];[168  76];[164  76];[162  75];[149  76];[166  88];[126  86];[195  94];[106 102];[194  95];[137 102];[155 127];[128 126];[176 151];[112 148];[155 178];[112 179];
[169  81];[170  77];[165  77];[164  76];[151  76];[167  88];[128  86];[193  95];[107 102];[201  98];[138 103];[155 127];[129 126];[177 151];[113 147];[155 178];[111 179];
[170  81];[171  77];[167  77];[166  76];[152  76];[168  88];[129  86];[195  95];[108 101];[195  97];[139 103];[155 128];[129 126];[177 151];[113 147];[156 178];[112 179];
[172  80];[173  76];[168  77];[167  76];[154  75];[169  89];[129  85];[197  97];[107 102];[191  96];[139 102];[155 128];[128 126];[177 151];[113 147];[155 179];[111 180];
[172  80];[173  76];[168  76];[168  76];[153  75];[169  89];[130  85];[191  96];[107 101];[206 102];[137 102];[155 127];[129 125];[177 152];[113 147];[155 178];[111 179];
[172  79];[172  75];[168  75];[167  75];[153  74];[168  89];[130  85];[190  95];[107 101];[207 103];[137 103];[155 128];[129 126];[177 152];[112 147];[155 178];[111 179];
[171  79];[172  75];[167  75];[168  75];[152  74];[169  89];[130  85];[191  96];[107 101];[208 103];[138 102];[155 128];[129 126];[177 152];[112 148];[156 178];[111 179];
[171  78];[172  75];[167  74];[168  75];[152  74];[169  89];[131  85];[192  96];[107 100];[207 103];[134 101];[155 127];[130 125];[177 152];[112 148];[156 178];[111 179];
[171  78];[172  75];[167  75];[168  75];[152  74];[170  89];[131  85];[192  96];[107  99];[208 102];[131 101];[156 127];[130 125];[177 152];[112 148];[156 179];[111 180];
[171  79];[171  75];[167  75];[167  75];[152  74];[170  88];[131  85];[193  95];[108  99];[208 102];[134 101];[156 127];[130 125];[177 152];[112 148];[156 179];[111 180];
[170  79];[171  75];[166  75];[167  75];[151  74];[170  88];[130  85];[197  97];[107  99];[202  99];[131 100];[157 127];[130 125];[177 152];[112 148];[156 179];[111 180];
[170  79];[170  75];[166  75];[166  74];[151  73];[170  88];[130  85];[197  97];[106  98];[202  99];[122  99];[156 127];[130 125];[177 152];[111 149];[156 179];[111 180];
[167  78];[168  74];[164  74];[165  74];[149  73];[168  87];[129  84];[193  96];[106  99];[202 100];[131  99];[155 127];[130 125];[177 152];[112 148];[156 179];[111 180];
[165  77];[166  73];[161  73];[163  72];[147  71];[169  85];[128  83];[197 100];[108  98];[190  92];[135  98];[156 126];[129 124];[174 151];[112 148];[155 179];[111 180];
[163  75];[165  72];[159  72];[164  72];[145  70];[170  84];[128  81];[197 102];[110  97];[184  88];[138  98];[155 125];[128 122];[173 151];[112 147];[155 180];[111 180];
[162  74];[164  70];[158  70];[164  71];[144  69];[169  83];[128  80];[193 102];[113  95];[185  85];[139  97];[155 123];[129 121];[171 151];[112 146];[154 180];[111 180];
[160  73];[162  70];[156  69];[163  70];[143  69];[168  82];[129  77];[188  98];[117  94];[181  82];[144  98];[155 122];[129 120];[169 149];[113 145];[154 179];[111 179];
[160  72];[162  69];[156  69];[162  70];[143  69];[167  82];[130  77];[183  96];[122  93];[179  81];[147 101];[155 122];[129 120];[166 149];[113 146];[154 178];[112 178];
[160  71];[162  68];[156  68];[162  69];[145  68];[168  81];[130  77];[183  90];[126  93];[178  79];[149 103];[155 122];[130 119];[164 149];[114 145];[153 179];[112 178];
[159  71];[161  68];[155  68];[163  69];[145  68];[167  81];[132  77];[180  91];[127  93];[180  80];[149 104];[156 121];[131 119];[162 149];[115 145];[153 179];[112 178];
[159  70];[162  67];[155  67];[163  68];[145  67];[168  81];[132  77];[178  93];[128  93];[182  80];[149 103];[156 121];[131 118];[162 149];[115 145];[154 179];[112 178];
[160  70];[162  67];[156  67];[163  68];[146  67];[168  82];[133  77];[177  95];[128  92];[182  81];[149 104];[156 121];[131 118];[162 148];[116 144];[154 179];[112 178];
[160  70];[162  67];[157  67];[164  68];[147  68];[169  81];[133  77];[179  92];[129  93];[182  80];[150 104];[157 121];[132 118];[162 149];[116 145];[154 179];[112 178];
[161  70];[163  67];[157  67];[165  68];[148  68];[169  81];[135  77];[180  91];[130  93];[183  81];[149 104];[157 121];[133 118];[162 149];[117 145];[154 179];[112 178];
[162  71];[164  68];[159  68];[164  68];[150  68];[169  81];[135  77];[184  85];[129  93];[183  79];[149 104];[157 121];[134 118];[163 150];[118 145];[154 179];[112 178];
[163  70];[164  67];[159  67];[165  68];[150  68];[170  81];[136  78];[182  90];[130  94];[184  81];[150 106];[157 121];[134 118];[164 150];[118 145];[154 179];[112 178];
[163  70];[165  67];[159  67];[166  68];[150  68];[172  82];[137  77];[180  97];[128  94];[184  82];[148 106];[157 121];[133 118];[164 150];[118 144];[154 179];[111 178];
[162  71];[165  67];[159  68];[167  67];[151  68];[173  82];[138  78];[185  93];[125  95];[186  80];[147 107];[158 121];[134 118];[164 150];[118 144];[153 179];[110 179];
[160  68];[162  65];[155  65];[167  66];[148  68];[175  81];[138  78];[193  86];[121  95];[186  77];[140 105];[159 121];[134 118];[164 150];[117 143];[153 179];[112 179];
[158  68];[161  64];[153  65];[167  64];[147  69];[175  83];[137  79];[192  90];[117  94];[189  80];[134 103];[158 121];[134 118];[163 150];[118 145];[154 179];[113 177];
[156  68];[160  63];[151  65];[166  64];[145  68];[174  83];[136  79];[195  91];[114  95];[192  81];[129 101];[158 122];[134 119];[164 150];[116 145];[154 179];[115 176];
[155  67];[158  63];[150  64];[163  64];[145  68];[175  82];[136  80];[199  89];[113  95];[194  78];[125  99];[159 122];[134 120];[164 150];[114 145];[154 179];[116 177];
[150  67];[152  62];[145  65];[159  63];[141  69];[173  81];[136  80];[200  90];[116  91];[207  82];[115  93];[158 121];[133 119];[163 149];[115 145];[154 179];[120 178];
[147  68];[150  63];[143  66];[158  63];[140  69];[173  81];[135  80];[199  89];[115  91];[210  82];[115  93];[157 120];[133 119];[162 150];[115 145];[155 179];[119 178];
[146  68];[148  64];[141  66];[155  62];[138  69];[171  79];[133  80];[196  87];[113  89];[212  83];[113  93];[157 119];[133 118];[160 149];[118 145];[154 179];[118 177];
[143  68];[145  64];[139  66];[153  63];[136  69];[169  79];[131  81];[194  86];[111  90];[211  82];[113  93];[157 119];[132 118];[160 148];[117 145];[154 179];[119 177];
[142  68];[144  63];[137  66];[152  63];[134  69];[168  80];[132  81];[195  87];[112  89];[210  82];[111  94];[155 120];[132 119];[160 150];[116 145];[155 179];[119 178];
[141  68];[144  64];[137  66];[152  63];[134  70];[167  80];[131  81];[193  86];[112  89];[209  82];[110  94];[155 121];[131 120];[160 149];[116 145];[155 179];[119 178];
[141  68];[144  63];[136  66];[151  63];[133  70];[167  80];[131  82];[193  87];[112  90];[208  83];[110  95];[155 121];[131 120];[159 148];[116 145];[155 179];[119 178];
[141  68];[143  64];[136  66];[151  63];[133  70];[166  80];[130  82];[191  87];[112  90];[208  83];[109  95];[155 120];[131 120];[160 148];[116 145];[155 179];[119 178];
[141  68];[143  64];[136  66];[151  63];[133  70];[166  80];[131  82];[191  87];[112  90];[207  84];[110  95];[155 120];[131 120];[160 148];[116 145];[155 179];[119 178];
[140  69];[142  64];[135  66];[150  63];[133  70];[165  79];[130  81];[189  87];[113  91];[204  85];[110  95];[155 120];[132 119];[160 147];[117 145];[155 179];[119 177];
[137  69];[141  65];[133  67];[150  64];[131  70];[165  80];[127  82];[187  87];[113  91];[195  90];[109  94];[155 121];[131 120];[160 147];[115 145];[155 179];[118 177];
[135  70];[138  66];[131  68];[148  63];[130  69];[165  80];[128  83];[194  89];[116  93];[219  94];[106  94];[154 121];[130 121];[160 147];[113 145];[155 180];[116 178];
[133  71];[137  67];[130  68];[147  64];[129  69];[163  80];[127  82];[188  90];[110  91];[175  93];[105  92];[155 121];[130 120];[159 148];[113 144];[155 180];[116 177];
[131  71];[135  67];[129  68];[145  65];[127  69];[161  79];[125  83];[184  90];[104  94];[167  95];[105  91];[154 121];[129 121];[159 148];[113 145];[154 179];[116 178];
[129  71];[132  68];[127  69];[144  65];[126  70];[160  79];[124  84];[181  90];[105  98];[163  96];[105  90];[154 121];[129 122];[159 148];[113 145];[154 179];[116 178];
[127  71];[130  67];[125  68];[142  65];[124  69];[159  79];[122  84];[176  90];[105 101];[157  98];[102  89];[153 122];[128 123];[160 148];[113 145];[154 179];[116 178];
[126  71];[129  68];[124  69];[141  65];[124  70];[158  79];[121  85];[172  91];[104 101];[153  99];[101  90];[153 122];[128 123];[160 148];[112 145];[154 179];[116 178];
[125  72];[128  68];[123  69];[141  65];[123  70];[158  80];[121  85];[170  93];[103 100];[150 101];[102  91];[153 122];[128 123];[161 148];[112 145];[154 178];[116 178];
[124  72];[127  68];[121  69];[139  66];[121  70];[157  80];[119  85];[169  93];[103 102];[153 101];[101  90];[152 121];[127 122];[161 147];[111 145];[153 178];[116 178];
[123  72];[126  68];[121  69];[139  66];[120  70];[156  79];[118  84];[169  94];[102  99];[151 103];[102  91];[152 120];[126 121];[162 146];[111 143];[154 178];[116 178];
[122  71];[126  67];[120  68];[139  65];[120  69];[156  80];[117  85];[169  94];[101 100];[151 102];[100  88];[152 120];[126 121];[163 147];[112 144];[154 178];[116 178];
[123  70];[127  66];[121  67];[139  65];[120  68];[156  79];[117  83];[172  92];[100  98];[163  96];[100  87];[152 120];[126 121];[163 147];[112 145];[154 178];[116 178];
[124  68];[128  65];[122  65];[141  65];[121  67];[157  80];[118  83];[173  93];[98 95];[156  95];[100  85];[154 121];[127 121];[163 147];[113 145];[154 178];[117 178];
[125  67];[130  63];[123  64];[143  65];[123  66];[158  79];[118  82];[176  95];[95 94];[148  93];[101  80];[154 121];[128 121];[164 147];[115 145];[153 178];[117 178];
[133  75];[136  71];[129  72];[146  66];[126  68];[159  78];[119  80];[177  93];[93 91];[151  88];[102  76];[155 120];[128 120];[165 147];[116 146];[153 179];[117 179];
[131  64];[136  61];[129  61];[147  65];[127  64];[159  79];[119  80];[179  91];[90 89];[151  82];[102  73];[156 119];[129 120];[165 147];[116 147];[153 179];[118 179];
[135  68];[139  65];[132  65];[150  67];[130  65];[159  80];[121  80];[181  91];[86 87];[156  80];[106  71];[157 120];[130 121];[164 148];[117 147];[153 179];[118 179];
[138  67];[142  64];[135  63];[151  67];[133  64];[161  80];[121  80];[182  89];[86 85];[156  77];[106  69];[157 120];[130 120];[165 147];[117 147];[153 179];[118 179];
[140  66];[145  64];[137  62];[153  67];[134  64];[161  81];[121  79];[184  87];[85 83];[157  75];[108  68];[157 121];[130 121];[164 148];[117 148];[153 180];[118 180];
[138  66];[143  64];[137  63];[152  67];[134  64];[161  81];[122  80];[184  87];[86 83];[158  74];[109  67];[157 121];[130 121];[165 148];[117 148];[153 179];[118 180];
[141  66];[146  64];[139  62];[153  67];[135  62];[160  80];[121  78];[183  87];[87 83];[158  74];[110  67];[156 121];[129 120];[163 149];[117 148];[153 179];[118 180];
[141  67];[146  65];[140  63];[153  68];[136  62];[160  80];[121  78];[183  88];[87 83];[157  75];[108  67];[155 120];[128 120];[164 148];[116 147];[153 180];[117 179];
[141  66];[147  64];[139  62];[153  67];[135  62];[160  80];[120  76];[182  88];[88 84];[157  75];[97 77];[154 120];[128 120];[163 148];[116 147];[153 179];[117 179];
[142  66];[147  64];[140  62];[153  68];[135  62];[160  81];[120  78];[182  87];[87 85];[157  75];[106  72];[154 121];[128 120];[163 148];[116 147];[152 180];[116 179];
[141  65];[146  63];[139  61];[153  67];[135  62];[160  81];[120  78];[182  86];[88 85];[158  73];[103  75];[154 121];[128 120];[163 149];[117 147];[152 179];[117 179];
[140  64];[145  62];[139  60];[153  67];[135  62];[160  81];[121  78];[183  86];[88 85];[159  73];[110  74];[154 121];[128 120];[163 148];[118 147];[151 179];[117 179];
[141  65];[145  62];[139  61];[153  66];[136  62];[161  80];[122  78];[183  84];[87 85];[159  71];[111  75];[154 120];[128 120];[163 149];[118 148];[151 180];[118 180];
[142  64];[147  62];[141  60];[154  66];[137  62];[162  80];[123  78];[184  82];[88 84];[161  70];[109  78];[154 120];[128 119];[162 149];[119 148];[151 180];[118 180];
[143  63];[148  61];[142  60];[156  65];[139  62];[163  80];[124  77];[186  80];[88 83];[162  69];[109  80];[154 120];[128 119];[162 148];[120 147];[151 180];[118 180];
[145  64];[149  62];[143  61];[157  65];[140  63];[164  80];[126  78];[187  77];[92 82];[163  68];[99 81];[155 120];[129 119];[161 148];[120 147];[151 180];[118 179];
[152  65];[155  63];[150  62];[161  65];[145  63];[167  79];[127  77];[189  75];[89 79];[165  66];[104  84];[156 119];[130 118];[162 148];[122 147];[153 180];[118 180];
[154  65];[157  63];[152  62];[162  65];[146  63];[167  79];[127  77];[190  76];[90 79];[167  66];[106  85];[157 119];[131 118];[162 148];[122 147];[153 180];[118 179];
[156  64];[159  62];[153  61];[164  65];[148  63];[168  80];[128  76];[191  76];[91 79];[168  66];[107  85];[157 119];[131 118];[162 148];[123 147];[153 180];[118 179];
[154  64];[157  62];[152  61];[163  65];[147  63];[168  80];[128  76];[191  76];[91 79];[168  66];[108  85];[157 119];[132 118];[162 148];[123 147];[153 180];[119 179];
[153  63];[157  61];[151  60];[164  65];[148  62];[168  80];[130  76];[192  76];[92 79];[168  67];[108  85];[157 119];[132 117];[162 148];[123 147];[152 180];[118 180];
[155  63];[159  61];[153  60];[164  64];[148  62];[169  80];[129  76];[193  76];[92 79];[168  67];[110  86];[157 119];[132 117];[162 148];[123 147];[152 180];[118 180];
[154  63];[158  61];[152  60];[163  65];[148  63];[169  80];[129  77];[193  76];[91 79];[168  67];[111  87];[158 119];[132 117];[161 149];[123 147];[152 180];[119 180];
[154  63];[157  61];[152  60];[163  65];[148  63];[169  80];[129  77];[193  77];[92 79];[168  67];[111  87];[158 119];[132 117];[161 149];[123 146];[152 180];[119 179];
[155  65];[158  63];[152  62];[164  66];[148  64];[169  81];[130  77];[192  77];[92 80];[168  67];[113  87];[158 119];[132 118];[161 149];[123 146];[151 180];[118 179];
[152  65];[156  62];[150  62];[163  66];[146  64];[169  81];[131  79];[191  77];[95 79];[168  66];[104  82];[157 119];[131 118];[160 149];[122 146];[151 180];[118 179];
[152  66];[156  63];[148  63];[161  65];[143  66];[169  81];[132  79];[187  75];[108  79];[166  63];[98 80];[155 120];[131 118];[160 149];[118 145];[152 179];[118 178];
[150  65];[154  62];[146  62];[160  65];[142  65];[168  81];[133  80];[184  73];[113  80];[162  59];[97 80];[154 120];[130 118];[160 148];[116 144];[152 179];[117 177];
[149  66];[153  62];[145  63];[159  65];[140  66];[166  82];[130  81];[181  71];[103  82];[159  56];[126  82];[154 120];[129 119];[159 149];[114 144];[152 179];[116 177];
[147  65];[151  62];[143  62];[158  64];[139  66];[166  80];[131  81];[177  70];[112  82];[156  54];[122  82];[153 120];[128 118];[159 149];[113 144];[152 179];[116 177];
[145  67];[149  64];[142  64];[156  65];[137  67];[165  81];[130  82];[175  68];[112  84];[154  51];[129  82];[152 120];[128 119];[159 149];[113 144];[152 179];[116 177];
[143  67];[147  64];[140  64];[155  65];[135  67];[163  80];[129  82];[174  67];[109  83];[153  51];[127  82];[151 119];[127 118];[157 148];[112 144];[152 180];[116 177];
[143  68];[146  64];[139  65];[154  64];[135  68];[163  80];[129  83];[173  67];[113  85];[152  51];[126  82];[151 119];[127 118];[157 148];[112 143];[152 180];[116 177];
[142  69];[145  65];[138  66];[153  64];[134  68];[163  80];[129  83];[172  68];[113  85];[152  51];[127  82];[151 119];[127 119];[157 148];[112 143];[152 180];[116 177];
[141  69];[144  65];[137  66];[152  65];[133  68];[162  80];[128  83];[172  70];[112  84];[150  52];[127  82];[151 120];[127 119];[157 149];[112 144];[152 180];[116 177];
[140  69];[144  65];[136  66];[151  65];[133  69];[162  80];[128  83];[172  74];[112  83];[152  59];[124  80];[151 120];[127 120];[157 148];[112 144];[152 180];[115 177];
[135  75];[138  71];[132  71];[147  68];[129  70];[160  79];[125  80];[173  81];[103  82];[152  77];[120  79];[152 121];[127 120];[158 149];[110 145];[152 180];[115 177];
[134  74];[137  70];[131  71];[146  67];[127  72];[159  79];[125  82];[170  85];[106  84];[144  88];[114  88];[153 121];[128 121];[159 148];[109 144];[152 180];[114 177];
[131  72];[134  68];[127  70];[142  67];[124  73];[158  81];[124  84];[164  91];[112  83];[143  95];[105  83];[152 123];[130 123];[159 148];[109 145];[152 179];[112 176];
[128  73];[131  69];[124  71];[139  67];[122  74];[157  82];[123  86];[161  94];[111  86];[148  99];[106  86];[151 124];[128 124];[160 148];[108 145];[152 179];[112 176];
[127  74];[130  69];[123  72];[137  68];[120  75];[155  83];[120  86];[163  92];[104  85];[158  97];[103  86];[150 124];[128 124];[162 149];[107 146];[153 179];[113 176];
[127  78];[129  73];[123  76];[135  71];[121  76];[154  83];[120  86];[161  93];[106  87];[156  99];[106  87];[149 123];[127 123];[163 148];[106 146];[153 178];[112 176];
[123  76];[125  72];[119  74];[133  71];[118  76];[154  83];[119  87];[160  95];[108  88];[155 101];[105  88];[149 123];[126 123];[164 148];[106 146];[154 178];[112 176];
[122  78];[124  75];[119  76];[132  71];[118  76];[154  84];[117  86];[159 100];[106  89];[142 109];[103  89];[149 124];[125 124];[166 149];[104 145];[153 178];[111 178];
[121  78];[124  74];[118  76];[132  73];[117  76];[153  84];[116  87];[157 104];[103  89];[135 114];[104  88];[149 125];[125 125];[167 149];[103 146];[153 178];[112 178];
[123  78];[125  74];[120  76];[131  73];[118  76];[154  84];[116  86];[159 105];[104  89];[139 114];[105  89];[149 125];[124 125];[168 149];[102 146];[153 178];[112 178];
[134  76];[136  72];[129  74];[141  72];[123  76];[157  86];[116  85];[172 106];[104  97];[153 113];[113  97];[151 125];[125 124];[170 149];[103 145];[154 178];[112 178];
[140  77];[142  74];[135  75];[144  74];[126  76];[157  85];[114  86];[176 104];[106 103];[162 112];[131  95];[151 126];[124 125];[171 149];[104 146];[154 178];[112 178];
[143  78];[145  75];[139  75];[147  75];[128  76];[158  87];[115  87];[181 107];[107 106];[167 112];[132  98];[151 126];[124 126];[171 150];[104 147];[154 179];[112 178];
[149  81];[150  77];[145  78];[151  77];[133  77];[159  88];[116  88];[182 105];[105 108];[170 111];[130 101];[150 126];[124 125];[171 150];[105 147];[155 179];[112 179];
[152  84];[153  80];[148  80];[153  79];[135  78];[158  89];[117  89];[180 103];[105 109];[172 110];[133 101];[149 125];[124 125];[171 150];[105 147];[155 179];[112 179];
[156  83];[157  80];[152  80];[156  80];[139  79];[158  89];[119  89];[179 102];[105 108];[176 109];[133 102];[149 126];[124 125];[172 151];[106 147];[155 179];[112 179];
[159  84];[160  81];[156  81];[159  81];[143  79];[160  91];[121  89];[180 107];[106 109];[177 111];[133 102];[149 126];[124 125];[172 151];[106 147];[155 179];[112 179];
[160  84];[161  81];[156  81];[160  81];[143  80];[162  91];[121  90];[180 107];[106 110];[167 114];[133 103];[149 127];[123 126];[173 151];[105 148];[155 179];[111 179];
[159  85];[160  82];[156  82];[159  82];[143  81];[162  93];[121  90];[184 109];[104 109];[175 114];[130 106];[149 128];[123 126];[173 151];[104 148];[155 179];[111 179];
[154  87];[156  84];[150  84];[156  84];[139  82];[163  94];[120  92];[184 111];[104 110];[182 114];[131 112];[150 130];[123 128];[172 151];[104 148];[156 179];[110 179];
[149  87];[153  83];[146  83];[156  84];[136  81];[162  95];[120  93];[182 109];[105 112];[189 111];[129 117];[149 131];[123 129];[172 151];[104 148];[155 179];[110 179];
[149  85];[152  81];[145  81];[156  83];[137  80];[163  96];[122  94];[187 109];[110 115];[193 106];[135 126];[149 132];[123 130];[172 151];[104 147];[155 179];[110 179];
[148  83];[152  80];[144  79];[157  82];[137  80];[162  96];[123  94];[184 109];[115 117];[189 102];[134 130];[149 130];[124 129];[172 151];[105 146];[155 179];[110 179];
[148  83];[152  79];[144  79];[157  82];[137  80];[163  96];[124  94];[185 109];[115 117];[189 102];[132 130];[149 130];[124 128];[172 151];[105 146];[155 179];[110 179];
[148  82];[152  79];[144  78];[157  81];[137  79];[163  95];[123  94];[185 110];[116 117];[191 102];[132 130];[149 130];[124 128];[173 151];[105 146];[155 179];[111 179];
[145  81];[150  77];[141  77];[156  80];[135  78];[164  95];[122  93];[186 111];[115 117];[192 102];[132 130];[150 129];[124 128];[173 151];[106 145];[155 179];[111 179];
[142  81];[147  77];[139  77];[154  79];[134  79];[163  94];[121  92];[187 109];[114 116];[193 101];[130 129];[150 129];[124 127];[172 151];[108 145];[155 179];[110 178];
[139  80];[144  77];[136  77];[153  78];[132  78];[163  92];[121  91];[187 105];[111 113];[190 103];[125 125];[151 128];[124 127];[171 151];[108 145];[155 179];[111 178];
[135  80];[140  76];[132  76];[150  77];[130  77];[162  91];[120  90];[186 100];[107 110];[194 104];[119 121];[151 128];[124 127];[169 150];[107 145];[154 178];[111 178];
[128  83];[130  80];[127  80];[140  78];[130  77];[163  88];[122  87];[192  98];[101 104];[203  95];[112 112];[153 126];[127 125];[168 151];[107 146];[155 179];[112 178];
[144  80];[143  77];[140  78];[141  76];[134  79];[161  88];[120  86];[190  96];[96 99];[204  94];[107 106];[153 125];[127 123];[168 150];[106 146];[155 178];[111 178];
[131  81];[132  78];[129  79];[135  76];[129  78];[160  87];[119  86];[187  95];[95 98];[202  94];[104 105];[154 124];[128 123];[169 151];[106 146];[156 178];[111 178];
[139  80];[139  77];[136  78];[138  76];[130  79];[159  86];[118  86];[184  95];[95 97];[194  95];[104 105];[153 124];[127 123];[169 150];[106 145];[155 178];[110 178];
[120  79];[122  76];[119  76];[130  75];[124  75];[158  85];[118  86];[185  94];[95 99];[198  97];[107 105];[154 124];[128 123];[168 151];[107 145];[155 178];[111 178];
[130  83];[132  80];[126  81];[141  74];[125  78];[160  84];[120  86];[188  99];[ 95 100];[175 100];[109 103];[155 123];[129 123];[169 150];[108 145];[154 179];[111 179];
[128  79];[131  75];[124  77];[140  72];[121  77];[159  83];[118  87];[185  99];[ 95 102];[167 105];[104 100];[156 123];[130 124];[169 150];[110 146];[155 178];[112 178];
[128  78];[131  73];[123  75];[139  71];[120  76];[157  83];[118  88];[183  97];[ 99 107];[164 104];[104  99];[157 123];[131 124];[170 150];[112 146];[155 178];[112 179];
[128  77];[131  72];[124  74];[139  70];[120  76];[156  83];[119  89];[181  97];[101 108];[163 105];[105  98];[157 122];[132 124];[171 149];[113 146];[155 177];[113 179];
[130  72];[133  68];[125  70];[140  68];[121  75];[158  83];[118  90];[184  97];[105 111];[167 105];[107  98];[159 123];[132 124];[170 148];[114 146];[155 177];[113 178];
[132  72];[135  68];[127  69];[143  69];[123  74];[160  82];[119  88];[186  97];[104 110];[168 104];[109  97];[159 122];[132 123];[169 148];[114 146];[154 178];[113 178];
[137  71];[140  67];[132  68];[146  68];[127  71];[161  82];[119  85];[188  96];[101 106];[169 102];[111  96];[158 122];[130 123];[167 148];[114 145];[153 178];[113 178];
[140  72];[144  68];[136  69];[150  69];[130  71];[164  83];[121  84];[190  94];[ 98 100];[167  95];[116  95];[158 122];[130 122];[167 149];[113 146];[154 179];[112 178];
[145  71];[149  68];[141  68];[154  69];[134  69];[166  82];[123  83];[195  95];[94 97];[169  92];[118  95];[158 122];[131 121];[167 149];[112 145];[154 179];[112 178];
[149  72];[153  68];[145  68];[157  70];[138  68];[166  85];[125  83];[197  96];[96 95];[180  93];[119  97];[157 122];[130 121];[166 149];[112 145];[154 179];[112 178];
[151  71];[155  68];[147  67];[160  70];[140  68];[167  85];[126  82];[197  96];[96 95];[176  88];[119  97];[157 122];[130 120];[165 148];[112 144];[154 180];[112 178];
[152  73];[156  69];[148  69];[160  70];[141  69];[168  84];[127  82];[198  96];[97 94];[176  89];[121  96];[156 122];[130 120];[165 150];[112 145];[154 180];[112 178];
[153  73];[156  69];[149  69];[160  71];[142  68];[168  84];[127  82];[198  97];[96 94];[175  88];[122  96];[156 121];[130 120];[164 150];[112 146];[153 180];[112 178];
[153  73];[156  70];[149  69];[161  71];[142  68];[167  84];[127  82];[197  96];[97 94];[177  89];[120  96];[156 121];[130 119];[164 149];[113 146];[153 180];[112 178];
[156  71];[159  68];[152  68];[162  70];[143  67];[167  85];[128  81];[195  98];[100  95];[178  87];[125  99];[156 122];[130 120];[164 149];[113 145];[153 180];[112 178];
[158  73];[162  70];[155  69];[164  71];[145  68];[168  85];[129  80];[192  99];[107  96];[177  82];[133 100];[156 122];[129 120];[163 148];[113 145];[154 180];[112 179];
[158  72];[162  69];[155  68];[165  70];[146  67];[168  84];[130  80];[189  99];[112  97];[178  81];[138 102];[155 122];[130 120];[163 148];[114 145];[154 179];[113 178];
[163  71];[165  68];[158  68];[167  69];[148  68];[169  84];[132  79];[184  98];[120  97];[184  80];[143 104];[154 121];[129 119];[162 147];[114 144];[153 179];[113 178];
[166  71];[168  68];[162  67];[167  69];[150  68];[168  85];[133  79];[182  95];[126  97];[186  81];[147 105];[154 121];[130 119];[162 147];[114 144];[153 178];[113 178];
[168  70];[169  67];[164  67];[169  69];[151  68];[168  84];[134  79];[178  95];[127  96];[186  81];[146 104];[154 121];[130 119];[161 147];[114 144];[153 178];[112 177];
[169  71];[170  67];[164  67];[169  69];[151  68];[168  85];[134  79];[178  97];[127  96];[186  82];[148 104];[154 121];[130 119];[162 148];[113 144];[153 179];[112 177];
[169  70];[170  67];[165  67];[169  69];[152  68];[169  85];[135  79];[178  97];[127  96];[186  82];[145 102];[154 121];[130 118];[162 148];[113 144];[153 179];[113 177];
[168  71];[169  67];[163  67];[169  69];[151  69];[169  85];[135  79];[177  98];[126  94];[186  82];[144 100];[155 121];[130 118];[162 148];[114 144];[153 179];[113 177];
[167  71];[168  67];[162  67];[168  69];[150  69];[168  85];[134  79];[177  96];[126  94];[186  80];[143  98];[155 121];[130 118];[161 148];[113 144];[153 179];[113 177];
[163  70];[164  67];[158  67];[164  68];[147  67];[166  83];[133  78];[177  89];[124  86];[185  75];[132  91];[155 121];[131 119];[161 148];[113 144];[153 179];[113 177];
[160  70];[162  66];[156  66];[162  68];[144  68];[166  82];[130  78];[179  87];[128  89];[185  73];[155  87];[156 121];[131 119];[161 148];[113 144];[153 179];[112 177];
[157  70];[159  67];[152  67];[160  68];[142  68];[164  81];[129  77];[180  86];[127  88];[185  70];[153  86];[155 121];[130 120];[161 148];[113 144];[153 179];[112 178];
[155  70];[157  67];[150  67];[158  67];[140  68];[163  81];[127  78];[180  84];[123  85];[185  69];[151  86];[155 121];[130 119];[161 148];[113 144];[153 179];[112 178];
[153  70];[156  66];[149  66];[157  67];[138  66];[161  81];[125  78];[178  83];[122  86];[184  68];[149  87];[155 121];[130 120];[161 148];[113 145];[153 179];[112 178];
[151  69];[153  66];[146  66];[155  67];[136  67];[160  81];[124  78];[177  83];[120  85];[183  67];[145  85];[154 121];[129 120];[161 148];[113 145];[152 178];[112 178];
[149  69];[152  66];[144  66];[155  67];[134  68];[160  81];[123  78];[176  84];[120  85];[182  68];[145  84];[154 120];[128 119];[161 147];[113 144];[152 178];[112 177];
[147  69];[150  65];[143  65];[154  67];[133  68];[159  80];[122  78];[175  84];[119  87];[181  68];[146  87];[154 120];[128 119];[161 147];[113 144];[152 178];[112 177];
[146  68];[150  64];[141  65];[153  66];[132  67];[159  80];[122  78];[175  85];[119  87];[180  69];[145  87];[153 120];[128 119];[161 147];[113 144];[152 178];[112 178];
[147  68];[150  65];[142  65];[153  66];[133  68];[159  81];[123  78];[175  85];[117  86];[178  69];[138  87];[153 120];[128 119];[162 147];[113 144];[152 178];[112 177];
[144  68];[147  65];[140  65];[152  66];[133  66];[159  77];[123  76];[179  86];[120  84];[162  71];[151  87];[154 119];[129 118];[162 147];[113 144];[153 178];[112 178];
[145  69];[149  65];[142  65];[154  67];[135  66];[160  79];[125  76];[180  86];[124  81];[167  86];[155  88];[154 120];[129 119];[162 148];[113 145];[152 178];[112 178];
[143  68];[147  65];[139  65];[154  67];[134  66];[162  78];[125  76];[179  85];[128  81];[154  79];[159  85];[155 120];[129 119];[164 148];[114 145];[152 179];[112 178];
[143  68];[148  65];[140  64];[155  67];[135  65];[162  77];[125  75];[179  86];[125  82];[153  79];[150  80];[156 119];[130 119];[165 148];[115 146];[153 178];[112 179];
[144  70];[149  67];[141  66];[156  68];[136  66];[163  77];[125  76];[178  87];[124  84];[151  80];[146  82];[156 119];[130 118];[165 147];[116 146];[153 178];[112 178];
[143  72];[147  69];[141  68];[155  69];[137  66];[163  77];[126  76];[180  88];[127  84];[154  80];[149  81];[157 119];[131 119];[165 148];[116 146];[153 178];[112 178];
[144  71];[149  68];[142  67];[157  69];[138  66];[164  78];[127  76];[180  88];[126  83];[154  80];[146  83];[156 120];[131 118];[165 148];[116 146];[153 178];[112 178];
[143  73];[147  70];[142  69];[156  70];[139  67];[165  77];[127  76];[180  89];[127  84];[155  80];[151  83];[156 119];[130 118];[165 148];[116 146];[153 178];[112 178];
[147  72];[151  70];[145  69];[157  69];[141  66];[165  78];[128  76];[179  89];[127  84];[152  81];[149  83];[156 119];[131 118];[165 148];[116 146];[152 178];[112 179];
[158  70];[161  67];[154  67];[162  69];[144  66];[165  78];[128  76];[179  89];[124  85];[151  81];[145  82];[156 119];[130 118];[165 148];[115 147];[152 178];[112 178];
[164  72];[166  69];[161  68];[164  69];[149  66];[166  77];[129  74];[175  90];[132  86];[148  81];[159  92];[157 120];[131 118];[166 148];[116 147];[151 178];[112 179];
[169  72];[170  70];[166  69];[166  69];[155  66];[167  78];[131  75];[173  89];[134  90];[150  82];[163 101];[157 120];[132 118];[166 148];[117 147];[150 178];[111 178];
[172  74];[173  71];[170  70];[169  71];[157  67];[169  81];[133  76];[170  92];[135  89];[148  82];[163 101];[156 120];[131 118];[165 147];[118 146];[150 178];[111 178];
[174  74];[176  71];[171  70];[172  71];[159  68];[171  81];[136  76];[169  93];[135  89];[146  81];[162 103];[156 121];[131 118];[165 148];[117 146];[151 178];[111 178];
[176  75];[177  72];[174  72];[172  72];[161  69];[171  83];[137  76];[171  93];[135  90];[149  82];[161 104];[156 122];[131 119];[165 148];[118 147];[151 178];[111 178];
[178  76];[178  73];[175  72];[171  72];[163  70];[171  82];[137  77];[172  93];[135  89];[150  82];[160 105];[156 121];[131 119];[165 148];[118 147];[151 178];[111 178];
[178  76];[178  73];[175  73];[172  72];[163  70];[171  82];[138  77];[172  93];[137  91];[151  82];[162 106];[156 121];[131 119];[165 148];[118 147];[151 178];[111 178];
[178  76];[179  74];[177  73];[171  72];[165  70];[171  83];[138  76];[172  93];[137  89];[151  83];[162 105];[155 121];[131 119];[165 148];[118 147];[151 178];[111 178];
[179  76];[180  73];[178  73];[171  72];[167  70];[171  82];[139  76];[172  94];[137  89];[152  84];[163 104];[156 121];[131 118];[165 149];[118 147];[151 178];[111 178];
[179  76];[180  73];[178  73];[171  72];[167  70];[171  82];[139  76];[173  94];[137  89];[153  85];[162 104];[156 121];[131 118];[165 149];[118 147];[151 178];[111 178];
[178  76];[179  73];[176  72];[172  72];[165  69];[171  82];[138  76];[173  93];[138  90];[154  84];[162 105];[155 121];[131 119];[165 149];[118 147];[151 178];[111 178];
[177  76];[178  73];[175  72];[174  72];[162  69];[171  83];[138  76];[173  93];[138  90];[153  83];[162 105];[155 122];[131 119];[165 149];[118 147];[151 179];[111 178];
[174  75];[176  73];[171  71];[174  73];[160  68];[172  83];[138  76];[173  94];[137  89];[151  83];[162 104];[155 122];[131 118];[165 149];[118 147];[150 179];[111 178];
[170  74];[173  72];[168  71];[173  72];[157  67];[172  84];[137  75];[174  94];[136  89];[149  82];[163 101];[156 122];[131 118];[165 149];[117 147];[150 179];[111 179];
[160  74];[163  72];[159  70];[168  71];[155  67];[175  81];[136  76];[176  93];[136  90];[152  82];[164  98];[157 121];[131 118];[164 149];[116 145];[150 179];[111 178];
[162  70];[166  68];[159  67];[170  70];[152  66];[174  82];[136  76];[179  96];[134  89];[154  87];[163  99];[157 122];[131 118];[164 149];[114 144];[150 179];[112 178];
[156  74];[160  72];[155  70];[166  71];[150  67];[172  81];[135  76];[180  94];[131  90];[157  88];[159  97];[156 121];[131 118];[163 149];[113 144];[150 179];[113 178];
[155  70];[159  67];[152  67];[164  70];[147  67];[172  81];[136  76];[180  93];[124  84];[160  93];[139  90];[155 120];[130 117];[162 148];[112 143];[150 179];[113 178];
[152  71];[156  68];[148  67];[162  70];[144  68];[169  81];[134  77];[180  92];[121  86];[164  97];[138  90];[154 120];[129 117];[161 148];[111 143];[150 179];[113 178];
[149  72];[153  69];[145  69];[160  69];[141  68];[168  81];[132  77];[177  91];[120  88];[163  97];[137  93];[153 120];[128 118];[161 148];[110 143];[150 179];[112 178];
[146  75];[149  72];[142  72];[155  69];[137  70];[166  81];[129  77];[175  94];[117  90];[159  99];[131  96];[153 122];[127 119];[161 148];[110 144];[150 179];[113 178];
[144  75];[148  72];[141  72];[154  68];[136  69];[165  81];[128  77];[174  94];[115  90];[158  98];[129  96];[153 122];[128 119];[161 149];[111 144];[150 179];[113 178];
[144  75];[147  71];[140  72];[153  67];[135  70];[164  80];[128  77];[174  92];[113  90];[158  97];[130  96];[152 121];[128 120];[160 148];[111 145];[150 179];[112 177];
[146  74];[148  70];[141  71];[152  67];[135  71];[164  80];[127  78];[174  92];[111  90];[160  97];[130  96];[152 121];[128 120];[160 148];[111 145];[150 179];[112 177];
[142  74];[145  70];[138  72];[151  66];[133  70];[164  80];[126  78];[176  94];[109  93];[160  98];[130  94];[153 122];[127 120];[160 149];[110 144];[150 179];[113 178];
[143  73];[145  69];[139  71];[149  66];[132  71];[164  80];[124  79];[178  93];[108  95];[162  99];[130  92];[153 122];[126 120];[160 149];[109 145];[150 179];[113 178];
[139  74];[141  70];[135  71];[148  66];[129  70];[162  79];[122  79];[178  93];[109  96];[159 101];[128  88];[152 122];[126 120];[160 149];[108 146];[150 179];[113 178];
[135  73];[138  69];[131  71];[145  66];[127  70];[161  79];[121  81];[176  95];[110  97];[156 104];[128  83];[153 121];[126 121];[160 149];[108 146];[150 179];[113 178];
[133  74];[136  70];[129  72];[144  65];[126  70];[161  80];[123  82];[174  96];[111  97];[154 107];[121  89];[152 122];[127 121];[161 149];[108 145];[150 179];[113 178];
[130  74];[133  70];[127  71];[142  66];[124  71];[160  81];[122  82];[172  98];[112  95];[154 109];[117  92];[152 122];[127 121];[161 149];[108 144];[150 179];[112 178];
[128  73];[130  69];[123  71];[140  65];[120  71];[158  80];[117  82];[171  98];[112  97];[152 109];[124  84];[152 121];[125 121];[161 148];[108 144];[150 178];[112 178];
[129  74];[131  69];[124  71];[140  65];[121  71];[158  80];[117  82];[171  98];[112  98];[152 109];[123  86];[152 121];[125 121];[161 148];[107 145];[150 178];[112 178];
[129  74];[132  70];[125  72];[140  65];[121  71];[158  80];[117  82];[171  98];[111  98];[152 109];[123  85];[152 121];[125 121];[161 148];[107 145];[150 178];[112 178];
[129  73];[132  69];[125  71];[140  65];[121  71];[157  80];[117  82];[171  98];[111  98];[152 110];[123  85];[151 121];[125 121];[161 148];[107 145];[150 178];[112 178];
[129  73];[132  68];[125  70];[141  65];[122  70];[158  80];[117  82];[170  98];[110  98];[152 110];[123  86];[151 121];[125 121];[161 148];[108 145];[150 178];[112 178];
[130  73];[133  69];[126  71];[142  65];[122  70];[158  80];[117  82];[171  98];[110  97];[153 109];[121  88];[151 121];[125 121];[161 148];[108 145];[151 178];[112 178];
[130  71];[134  66];[126  68];[142  64];[122  69];[158  80];[117  82];[171  98];[111  98];[153 110];[121  88];[151 121];[125 121];[160 148];[108 145];[150 178];[112 178];
[131  70];[134  66];[126  68];[142  64];[123  69];[158  80];[117  82];[171  98];[111  98];[153 109];[124  84];[151 121];[124 121];[160 148];[107 145];[150 178];[112 178];
[131  69];[134  65];[127  67];[143  64];[123  69];[158  80];[117  82];[171  98];[111  98];[153 109];[124  84];[151 121];[124 121];[160 148];[107 145];[150 178];[112 178];
[132  67];[135  63];[127  64];[143  63];[123  68];[158  80];[116  81];[171  98];[110  98];[153 110];[124  85];[151 121];[124 121];[160 148];[107 145];[150 178];[112 178];
[133  64];[137  61];[129  61];[145  64];[124  66];[158  80];[115  81];[171  97];[110  98];[154 109];[124  85];[151 121];[123 120];[160 148];[107 146];[150 178];[112 178];
[134  64];[138  61];[130  61];[145  64];[124  66];[158  80];[115  80];[171  97];[110  98];[154 109];[124  85];[151 121];[123 120];[160 148];[107 145];[150 179];[112 178];
[134  64];[139  61];[130  61];[145  64];[124  65];[158  80];[115  80];[171  97];[110  98];[154 109];[124  85];[151 121];[123 121];[160 148];[107 145];[150 179];[112 178];
[134  64];[139  61];[130  61];[145  64];[124  66];[158  80];[115  80];[171  97];[110  98];[155 108];[124  85];[151 121];[123 120];[159 148];[107 145];[150 179];[112 178];
[135  65];[139  61];[130  61];[145  64];[124  66];[158  80];[115  81];[171  97];[110  98];[155 108];[124  86];[151 120];[123 120];[159 148];[107 145];[150 179];[112 178];
[135  65];[139  61];[130  61];[145  64];[125  66];[158  80];[115  81];[171  97];[110  98];[155 108];[124  86];[151 120];[123 120];[159 148];[107 145];[150 179];[112 178];
[135  65];[139  61];[130  62];[146  64];[125  66];[158  80];[115  81];[171  97];[110  98];[155 108];[124  86];[151 120];[123 120];[159 148];[107 145];[150 179];[112 178];
[135  65];[139  61];[130  62];[146  64];[125  66];[158  80];[115  81];[171  97];[110  98];[155 108];[124  86];[151 120];[123 120];[159 148];[107 146];[150 179];[112 178];
[135  65];[139  61];[131  62];[146  64];[125  65];[158  80];[115  81];[171  97];[109  98];[155 109];[124  85];[151 121];[123 120];[159 147];[107 146];[150 179];[112 178];
[136  65];[140  61];[131  61];[146  64];[125  65];[158  80];[115  81];[171  97];[109  98];[155 109];[124  86];[151 121];[123 120];[159 147];[107 145];[150 179];[112 178];
[136  64];[140  61];[131  61];[147  64];[125  65];[158  80];[115  80];[172  97];[108  99];[156 108];[123  87];[151 121];[122 120];[158 148];[108 146];[150 179];[112 178];
[137  63];[141  60];[133  60];[147  64];[126  64];[159  80];[115  80];[172  97];[107  98];[154 109];[124  86];[151 121];[122 120];[158 147];[109 144];[150 179];[113 178];
[138  64];[143  60];[134  60];[149  64];[127  64];[159  80];[115  80];[173  97];[106  98];[156 108];[124  87];[151 120];[122 120];[157 147];[110 144];[150 179];[113 178];
[139  63];[144  61];[135  60];[150  65];[129  64];[160  81];[116  80];[174  97];[105  98];[156 108];[123  89];[151 121];[123 120];[157 147];[111 145];[150 179];[113 178];
[142  64];[146  61];[138  60];[151  66];[130  63];[160  80];[117  79];[175  96];[105  99];[158 108];[124  91];[151 121];[123 120];[156 147];[112 145];[150 180];[113 179];
[144  64];[148  61];[140  60];[153  66];[132  63];[162  81];[118  80];[176  97];[104  98];[158 109];[124  93];[152 122];[124 121];[156 147];[113 144];[150 180];[113 178];
[145  63];[150  61];[142  60];[155  66];[134  63];[163  82];[120  80];[177  98];[103  98];[160 110];[124  96];[152 121];[125 120];[156 147];[113 144];[150 180];[114 179];
[147  65];[152  63];[144  61];[156  66];[136  63];[164  82];[122  79];[177  99];[104  97];[160 112];[123 100];[153 122];[126 120];[156 147];[114 144];[150 180];[114 179];
[149  64];[154  61];[145  60];[158  66];[138  62];[166  83];[123  80];[178  99];[105  98];[162 113];[122 104];[154 122];[127 120];[156 147];[115 144];[150 180];[114 178];
[154  63];[158  61];[150  59];[162  67];[142  62];[169  85];[125  80];[176 105];[108  99];[163 118];[122 111];[154 123];[127 121];[156 143];[116 143];[150 179];[114 179];
[156  64];[161  62];[153  60];[165  67];[144  62];[171  85];[127  80];[176 105];[110 100];[164 119];[122 114];[155 123];[128 121];[157 141];[117 142];[151 179];[114 179];
[157  65];[162  63];[154  61];[166  68];[146  63];[172  85];[128  80];[177 106];[112 100];[164 120];[122 115];[156 124];[129 121];[157 144];[118 143];[150 180];[114 178];
[160  64];[165  62];[157  60];[168  69];[149  62];[174  86];[130  80];[179 107];[113 100];[166 120];[122 115];[157 125];[129 122];[158 146];[117 146];[151 180];[113 178];
[163  65];[167  63];[160  60];[170  69];[152  62];[175  86];[132  80];[179 108];[114 100];[167 120];[123 115];[157 124];[130 121];[158 146];[118 145];[151 179];[114 178];
[164  65];[169  63];[161  61];[172  69];[154  62];[177  87];[134  79];[180 107];[115  99];[168 121];[125 115];[158 124];[131 121];[158 146];[119 145];[151 180];[114 178];
[166  65];[170  64];[163  61];[173  69];[156  62];[178  87];[135  79];[181 108];[117  99];[167 121];[125 115];[158 124];[132 121];[158 146];[119 144];[151 179];[114 178];
[167  64];[172  63];[165  60];[176  69];[157  62];[180  87];[137  79];[181 109];[118  99];[168 121];[126 114];[159 124];[132 120];[159 146];[119 144];[151 179];[114 178];
[170  66];[175  64];[167  61];[178  70];[159  63];[180  88];[138  79];[183 110];[119  99];[169 122];[126 115];[159 124];[133 120];[159 146];[120 143];[151 179];[114 178];
[171  66];[176  65];[168  62];[179  71];[160  62];[181  89];[139  79];[183 111];[120  99];[168 122];[126 115];[159 125];[133 120];[160 146];[120 143];[151 180];[114 178];
[171  66];[177  65];[169  61];[181  71];[162  63];[183  89];[141  80];[184 111];[122  99];[168 122];[126 115];[160 125];[134 120];[160 147];[120 143];[151 179];[114 177];
[172  66];[177  65];[170  61];[182  71];[163  63];[184  89];[141  80];[184 111];[122  99];[168 122];[127 114];[160 125];[134 120];[160 147];[120 143];[151 179];[114 177];
[172  66];[178  65];[170  62];[182  71];[163  63];[184  89];[142  80];[186 110];[123  99];[169 122];[127 114];[161 125];[134 120];[160 147];[120 143];[151 180];[115 177];
[172  66];[177  64];[170  62];[182  70];[162  64];[185  89];[142  80];[186 111];[123  99];[169 122];[127 114];[161 125];[134 120];[160 147];[120 143];[151 179];[116 177];
[172  66];[177  64];[169  62];[181  70];[162  64];[185  89];[142  80];[187 111];[123  98];[169 122];[126 114];[161 125];[135 120];[160 148];[119 143];[151 180];[117 177];
[171  66];[176  64];[168  62];[181  69];[161  64];[185  89];[142  80];[186 111];[123  98];[169 122];[126 114];[161 125];[135 120];[160 147];[119 143];[151 180];[118 177];
[169  65];[175  63];[166  61];[180  69];[160  64];[185  89];[142  80];[187 111];[123  98];[169 122];[126 114];[162 125];[135 120];[160 147];[120 143];[151 179];[119 177];
[169  65];[174  63];[166  61];[179  68];[159  64];[185  88];[141  81];[187 110];[123  99];[169 122];[126 115];[162 125];[135 120];[160 147];[119 143];[151 179];[120 177];
[168  65];[173  62];[164  61];[178  67];[158  65];[184  87];[141  81];[187 109];[123 100];[169 121];[127 115];[162 124];[135 120];[160 147];[120 144];[151 179];[122 177];
[166  66];[171  62];[162  62];[177  67];[156  65];[184  87];[140  81];[187 110];[123 100];[169 121];[126 115];[163 124];[136 120];[160 147];[121 143];[151 179];[123 176];
[164  65];[168  62];[159  62];[175  66];[153  67];[182  87];[139  82];[185 109];[122 101];[166 121];[126 116];[162 124];[136 122];[160 147];[123 144];[151 178];[127 175];
[162  66];[166  62];[157  62];[173  66];[152  67];[181  86];[138  83];[185 107];[122 101];[167 120];[125 116];[162 125];[136 122];[160 147];[123 144];[151 178];[128 175];
[160  66];[164  63];[155  63];[171  66];[150  68];[180  86];[137  83];[185 108];[121 102];[166 119];[124 116];[162 126];[135 123];[160 147];[123 143];[151 178];[129 175];
[158  66];[161  63];[153  63];[168  66];[148  68];[178  86];[136  84];[185 107];[120 103];[169 117];[123 116];[161 125];[135 123];[160 147];[123 143];[151 178];[129 175];
[156  66];[159  62];[151  64];[165  65];[146  69];[177  86];[135  84];[185 106];[119 104];[169 115];[122 114];[161 124];[135 122];[160 147];[123 143];[151 178];[129 175];
[154  66];[157  62];[149  64];[163  65];[145  69];[176  85];[134  85];[183 103];[119 103];[173 112];[119 112];[160 124];[134 122];[160 148];[123 144];[151 178];[129 175];
[152  67];[155  64];[148  65];[161  65];[143  69];[174  85];[133  84];[183 103];[121  98];[175 110];[117 108];[160 123];[135 121];[159 146];[123 142];[150 178];[128 175];
[150  67];[153  63];[146  65];[159  65];[141  70];[172  85];[132  85];[181 102];[120  98];[177 110];[115 106];[158 122];[134 120];[158 146];[123 143];[150 178];[128 175];
[151  66];[153  63];[146  65];[158  65];[140  70];[170  84];[131  85];[180  99];[119  99];[181 108];[113 107];[157 122];[133 121];[158 146];[124 143];[150 178];[128 175];
[147  68];[150  64];[142  66];[156  65];[138  71];[168  84];[129  85];[179  99];[118 102];[181 107];[109 109];[156 122];[132 121];[157 148];[125 145];[150 178];[128 175];
[145  69];[147  65];[140  67];[153  66];[135  71];[165  84];[126  86];[178 100];[115 102];[180 107];[104 110];[155 121];[130 121];[156 148];[125 145];[150 178];[128 176];
[143  69];[145  65];[138  67];[151  67];[134  71];[165  85];[125  86];[176 101];[114 102];[177 108];[106 110];[154 122];[129 121];[155 147];[124 145];[150 178];[128 175];
[142  69];[145  65];[137  67];[151  66];[133  71];[164  85];[124  86];[175 100];[114 103];[176 107];[103 111];[153 121];[129 121];[155 148];[124 146];[150 178];[128 176];
[141  69];[143  65];[136  67];[149  67];[132  72];[163  85];[124  86];[175 101];[113 103];[176 107];[101 111];[153 122];[128 122];[155 147];[124 146];[150 178];[128 176];
[140  70];[142  66];[135  68];[148  67];[131  72];[162  85];[123  87];[174 101];[113 104];[175 107];[100 111];[152 122];[128 122];[154 148];[124 146];[150 178];[128 176];
[138  70];[141  66];[134  68];[147  67];[130  72];[161  85];[122  86];[173 101];[112 103];[174 107];[103 111];[152 122];[127 122];[154 147];[123 145];[150 178];[128 176];
[138  70];[141  66];[134  68];[147  68];[130  72];[161  85];[122  87];[172 100];[112 103];[173 107];[102 111];[151 121];[127 121];[153 147];[123 145];[149 178];[128 176];
[138  70];[140  67];[134  68];[146  68];[129  72];[160  85];[121  87];[172 101];[112 104];[173 108];[ 99 111];[151 121];[127 122];[153 147];[123 145];[149 178];[128 176];
[137  70];[139  66];[133  67];[145  68];[129  72];[160  86];[120  88];[171 101];[111 105];[173 107];[ 98 112];[150 122];[127 122];[152 148];[123 146];[149 178];[128 174];
[135  70];[138  66];[131  68];[145  68];[128  72];[159  85];[120  87];[171 102];[110 104];[173 108];[ 98 111];[151 122];[127 122];[153 147];[122 145];[150 178];[128 175];
[133  71];[136  67];[129  68];[144  69];[125  72];[158  85];[118  87];[171 102];[109 105];[174 109];[ 97 112];[150 122];[126 123];[152 147];[122 145];[150 178];[128 176];
[132  73];[136  69];[128  70];[143  69];[125  72];[158  86];[118  89];[170 101];[109 105];[172 109];[ 98 113];[150 123];[126 123];[151 148];[123 147];[150 177];[128 174];
[133  70];[136  67];[129  68];[144  70];[125  71];[156  85];[117  88];[169  99];[108 104];[172 107];[101 112];[150 122];[126 122];[153 147];[123 145];[149 177];[128 175];
[133  71];[137  67];[129  68];[144  70];[125  71];[156  86];[117  87];[170  99];[106 103];[173 107];[101 114];[151 122];[126 123];[153 146];[123 145];[150 177];[128 175];
[134  71];[138  68];[130  68];[145  71];[126  70];[156  86];[117  87];[171  99];[107 103];[172 106];[102 117];[150 122];[126 122];[153 147];[123 145];[151 177];[128 175];
[136  71];[140  68];[132  68];[146  72];[128  70];[156  86];[117  86];[172  99];[106 102];[171 104];[104 114];[150 122];[125 122];[154 147];[123 146];[153 177];[128 175];
[138  70];[142  68];[135  67];[147  72];[129  69];[156  86];[117  86];[173  99];[106 104];[168  99];[107 117];[150 122];[126 122];[155 146];[123 146];[154 177];[128 176];
[140  71];[145  69];[137  67];[149  73];[131  69];[156  87];[117  87];[174 102];[105 105];[170  98];[111 120];[150 121];[126 122];[156 145];[122 146];[155 177];[128 176];
[141  71];[146  70];[138  67];[150  74];[132  69];[155  88];[117  87];[173 102];[106 106];[168  91];[114 120];[150 120];[126 121];[156 144];[122 144];[156 177];[128 175];
[142  72];[147  70];[140  68];[151  74];[133  69];[155  88];[118  86];[173 101];[106 103];[167  87];[115 120];[149 120];[126 120];[157 144];[122 144];[158 176];[128 175];
[144  73];[149  71];[142  69];[153  75];[136  69];[156  88];[119  86];[172 100];[107 105];[168  83];[116 120];[149 121];[126 121];[157 143];[122 142];[158 176];[128 175];
[145  74];[150  72];[143  70];[154  76];[137  69];[156  87];[119  86];[172  99];[107 105];[168  83];[117 120];[149 121];[127 121];[158 142];[122 141];[158 176];[128 175];
[147  73];[151  72];[144  69];[154  75];[137  69];[156  87];[120  86];[172  99];[107 105];[169  83];[116 120];[149 121];[127 121];[158 143];[122 142];[157 177];[128 175];
[147  74];[152  72];[145  69];[155  75];[138  69];[156  87];[120  86];[172  99];[107 104];[169  82];[115 119];[149 121];[127 121];[158 144];[122 142];[156 177];[128 175];
[147  73];[152  72];[145  69];[155  76];[138  69];[157  88];[121  86];[173  99];[107 103];[170  83];[115 119];[150 121];[127 121];[158 144];[123 142];[155 176];[128 175];
[147  73];[152  71];[145  69];[155  75];[138  69];[157  88];[121  86];[173  99];[107 103];[171  83];[114 118];[150 121];[128 121];[158 144];[123 143];[154 176];[128 175];
[148  73];[152  71];[145  69];[155  76];[138  69];[157  88];[122  86];[174  99];[107 103];[172  83];[114 118];[150 121];[128 120];[157 146];[124 145];[152 177];[128 176];
[148  73];[152  71];[145  69];[156  75];[138  70];[158  88];[122  86];[174  99];[108 102];[173  83];[113 118];[150 121];[128 120];[157 145];[124 144];[151 176];[128 176];
[149  73];[153  71];[146  69];[156  75];[139  70];[159  88];[123  86];[175  99];[108 103];[173  82];[113 119];[151 121];[128 120];[156 146];[124 144];[149 177];[128 176];
[149  73];[153  71];[146  69];[157  75];[139  70];[160  88];[123  86];[176  99];[109 102];[173  82];[113 119];[152 121];[129 121];[155 146];[124 143];[149 177];[128 176];
[150  73];[154  71];[147  69];[157  75];[140  70];[160  87];[124  86];[176  98];[110 102];[174  82];[113 119];[153 121];[130 121];[155 146];[125 144];[150 176];[128 175];
[150  72];[154  71];[147  68];[158  75];[140  70];[161  88];[125  86];[177  97];[111 101];[175  81];[113 119];[153 122];[130 122];[156 144];[125 143];[151 176];[128 175];
[151  73];[155  71];[148  69];[158  75];[141  70];[161  88];[125  87];[178  97];[111 103];[175  81];[115 120];[154 123];[131 123];[157 141];[125 142];[150 175];[128 175];
[151  73];[155  71];[148  69];[158  75];[141  70];[162  89];[125  87];[179  97];[112 103];[176  81];[116 120];[154 123];[132 123];[156 143];[125 143];[150 176];[128 175];
[151  73];[155  71];[148  69];[158  75];[142  70];[162  89];[126  87];[179  97];[113 104];[176  81];[116 120];[155 123];[132 123];[156 144];[126 144];[150 176];[128 176];
[151  73];[156  72];[149  70];[159  75];[142  70];[163  88];[126  87];[181  97];[113 105];[176  81];[117 120];[156 124];[133 123];[157 145];[126 144];[150 176];[128 176];
[152  73];[156  71];[149  69];[160  74];[143  70];[164  88];[128  87];[181  98];[114 105];[176  82];[118 120];[157 124];[134 123];[157 146];[127 145];[150 176];[128 176];
[152  73];[156  71];[149  69];[160  75];[143  70];[165  88];[128  87];[183  98];[114 105];[176  83];[118 120];[157 124];[134 123];[157 147];[128 145];[150 177];[128 176];
[152  73];[156  71];[150  69];[161  74];[144  70];[166  89];[129  87];[185  99];[114 105];[176  84];[118 120];[157 124];[134 123];[158 147];[128 146];[150 177];[129 176];
[152  73];[157  71];[150  69];[161  75];[144  71];[166  89];[130  87];[187  99];[114 104];[176  86];[118 119];[158 124];[135 123];[158 146];[128 145];[150 177];[129 176];
[153  72];[158  70];[151  69];[162  75];[145  70];[168  90];[130  87];[190 102];[112 103];[182  92];[117 116];[159 125];[135 123];[159 146];[128 144];[151 177];[129 176];
[154  72];[159  70];[152  69];[162  75];[145  71];[168  90];[131  87];[191 100];[110 101];[190  99];[116 114];[159 125];[135 124];[159 146];[129 144];[150 176];[129 176];
[155  73];[159  71];[152  69];[163  75];[146  71];[169  90];[131  87];[190 100];[109 100];[191  97];[115 112];[159 124];[136 123];[159 146];[130 145];[151 176];[129 176];
[156  72];[160  70];[153  68];[164  75];[146  71];[171  90];[132  87];[192 104];[109 100];[194  97];[113 109];[160 124];[136 123];[160 146];[130 144];[151 177];[129 176];
[156  72];[160  70];[153  68];[164  75];[147  71];[171  90];[132  87];[192 104];[109 101];[198  97];[116 107];[160 124];[136 123];[160 147];[130 145];[151 177];[129 176];
[157  72];[161  70];[153  68];[165  75];[147  71];[172  90];[133  87];[190 104];[112  99];[200  96];[112 101];[160 124];[136 123];[160 147];[130 144];[151 177];[129 176];
[157  72];[161  70];[154  68];[166  75];[148  71];[172  90];[134  86];[188 104];[116  95];[201  97];[112  99];[160 124];[136 122];[159 148];[130 145];[151 177];[129 176];
[158  73];[162  71];[155  69];[167  75];[149  71];[173  90];[134  87];[188 105];[115  99];[200  96];[114  97];[160 125];[136 123];[160 147];[130 144];[151 176];[129 176];
[158  72];[163  70];[155  69];[168  75];[149  70];[173  90];[135  86];[186 105];[116  98];[198  97];[117  96];[160 125];[137 123];[159 148];[131 144];[151 176];[130 175];
[159  72];[164  70];[156  69];[169  74];[150  71];[174  90];[137  85];[186 105];[118 101];[193  98];[122  93];[160 123];[137 121];[160 148];[131 144];[151 176];[129 175];
[160  73];[164  70];[158  69];[169  74];[152  71];[173  90];[140  85];[181 107];[123  98];[180  98];[128  94];[160 123];[138 121];[159 148];[130 145];[150 176];[129 175];
[161  72];[165  70];[159  69];[170  74];[152  70];[174  90];[139  84];[181 104];[126  98];[173  99];[143  91];[160 123];[137 120];[160 147];[129 144];[150 177];[129 176];
[162  72];[166  70];[159  68];[171  75];[153  70];[175  90];[139  84];[182 103];[127  97];[168  98];[141  94];[160 123];[137 120];[160 145];[128 141];[150 176];[129 175];
[164  71];[168  70];[161  68];[172  75];[154  70];[175  90];[140  84];[181 102];[127  97];[167  99];[140  94];[160 123];[137 120];[160 144];[127 141];[151 176];[129 175];
[164  72];[168  70];[161  68];[173  75];[154  70];[176  91];[140  84];[184 105];[127  97];[171 102];[141  94];[161 123];[137 120];[161 142];[126 140];[150 176];[128 175];
[164  72];[168  71];[161  69];[173  75];[154  70];[177  91];[140  84];[185 107];[125  98];[174 105];[142  95];[161 124];[137 121];[161 142];[125 140];[150 176];[129 175];
[164  72];[169  70];[161  68];[173  75];[155  70];[177  90];[140  84];[184 106];[123  97];[176 105];[141  96];[160 124];[136 121];[161 143];[125 142];[150 176];[128 175];
[164  71];[169  70];[161  68];[173  75];[155  70];[177  90];[140  84];[183 105];[122  97];[173 105];[142  98];[160 124];[136 121];[161 143];[124 141];[150 176];[128 176];
[163  72];[168  70];[161  68];[173  75];[154  70];[177  90];[139  84];[184 105];[121  97];[176 107];[142 101];[160 126];[135 124];[161 141];[124 141];[150 176];[126 176];
[163  71];[168  70];[160  68];[172  74];[154  69];[177  90];[139  83];[183 104];[121  97];[170 110];[143 104];[160 126];[135 123];[160 145];[123 143];[150 177];[125 176];
[160  71];[165  69];[158  67];[170  73];[152  69];[176  89];[138  83];[181 106];[119  96];[164 119];[140 102];[159 124];[134 121];[161 140];[122 142];[150 177];[120 177];
[160  71];[164  69];[157  68];[169  73];[150  69];[175  89];[136  83];[180 107];[118  97];[164 121];[141 100];[159 123];[134 121];[162 138];[122 141];[150 176];[117 177];
[157  72];[162  69];[154  68];[167  73];[148  69];[174  88];[135  83];[178 107];[118  97];[165 122];[139  97];[159 124];[134 121];[161 141];[122 141];[150 177];[114 177];
[156  71];[160  69];[152  68];[164  72];[146  69];[173  88];[133  84];[175 107];[118  97];[166 123];[133  95];[158 125];[133 122];[160 144];[121 143];[150 178];[113 177];
[154  72];[158  69];[150  68];[163  72];[144  69];[171  88];[132  84];[174 109];[120  95];[167 124];[127  96];[157 125];[133 123];[160 143];[121 142];[150 177];[112 177];
[152  70];[156  68];[148  67];[161  72];[142  69];[169  87];[131  83];[176 106];[121  93];[169 123];[125  96];[157 124];[132 122];[159 142];[120 142];[150 177];[110 177];
[150  71];[155  68];[146  67];[159  72];[139  69];[168  87];[128  83];[174 106];[121  92];[169 122];[126  96];[157 123];[132 121];[157 143];[119 143];[150 178];[109 178];
[149  71];[153  68];[145  67];[156  71];[137  68];[165  86];[126  83];[174 105];[118  90];[169 122];[124  96];[156 122];[131 121];[157 142];[118 142];[150 178];[109 178];
[147  71];[151  68];[143  68];[154  71];[135  68];[164  86];[124  83];[172 106];[116  91];[168 122];[123  96];[155 122];[130 121];[156 142];[117 143];[150 178];[109 179];
[143  70];[146  67];[139  67];[149  70];[129  67];[158  84];[117  83];[170 105];[120  95];[166 121];[141  93];[152 122];[127 122];[155 140];[116 144];[150 178];[109 180];
[141  70];[145  68];[138  66];[147  70];[127  66];[155  84];[114  82];[167 103];[120  95];[167 119];[143  92];[151 123];[125 123];[154 142];[115 145];[150 179];[109 182];
[139  70];[142  67];[135  66];[144  68];[124  65];[151  83];[112  81];[164 102];[121  95];[165 119];[143  91];[148 123];[123 123];[155 142];[115 146];[151 178];[109 182];
[136  69];[140  66];[133  65];[142  67];[122  64];[148  82];[109  80];[159 101];[120  95];[164 118];[142  92];[147 121];[122 122];[157 145];[115 147];[151 178];[110 181];
[134  69];[137  66];[131  65];[139  66];[120  63];[143  81];[107  80];[153 100];[117  94];[162 116];[138  93];[145 120];[121 121];[158 147];[116 148];[150 177];[110 181];
[132  67];[135  64];[128  63];[138  65];[116  62];[138  81];[106  80];[149 100];[123  92];[159 115];[142  91];[144 119];[121 120];[160 145];[118 147];[150 173];[109 180];
[129  66];[132  63];[125  62];[135  64];[113  61];[133  80];[105  79];[144  98];[124  89];[156 114];[139  91];[142 119];[120 120];[161 143];[119 145];[149 173];[109 180];
[127  66];[130  63];[123  62];[132  64];[110  61];[129  78];[103  79];[141  96];[126  89];[150 114];[138  89];[141 117];[120 119];[161 142];[118 146];[150 173];[109 181];
[123  66];[125  63];[119  62];[126  64];[107  61];[125  77];[101  78];[142  89];[127  88];[128  89];[137  87];[139 115];[119 118];[161 142];[118 145];[152 175];[109 182];
[121  65];[123  62];[117  61];[123  63];[104  60];[120  76];[99 77];[137  88];[124  87];[128  88];[135  86];[137 115];[118 118];[160 141];[118 145];[156 176];[109 182];
[115  63];[117  60];[110  59];[117  61];[97 59];[114  75];[93 77];[135  88];[120  87];[120  85];[128  86];[136 114];[116 117];[162 140];[118 144];[160 174];[110 182];
[111  63];[114  60];[107  59];[114  61];[93 58];[112  75];[90 76];[134  89];[118  86];[116  85];[125  84];[135 114];[115 117];[162 140];[117 143];[164 174];[110 183];
[107  62];[110  59];[103  58];[112  60];[90 58];[110  75];[87 76];[131  89];[114  85];[115  86];[119  82];[133 113];[113 117];[162 138];[116 143];[166 173];[109 183];
[104  63];[107  59];[99 59];[108  60];[86 58];[109  74];[84 75];[128  90];[112  86];[111  86];[117  81];[133 112];[112 117];[162 138];[114 145];[169 172];[110 183];
[100  60];[103  57];[95 56];[104  58];[82 57];[105  73];[82 75];[123  87];[107  85];[109  85];[114  81];[132 111];[111 116];[161 137];[112 146];[170 172];[109 183];
[96 60];[99 56];[92 56];[101  57];[79 56];[103  71];[78 74];[118  85];[101  87];[105  84];[112  82];[130 110];[109 115];[159 137];[110 146];[171 172];[108 184];
[93 58];[96 55];[88 54];[98 56];[76 55];[102  70];[73 73];[119  83];[91 86];[101  86];[110  84];[127 109];[105 115];[156 136];[107 146];[171 171];[108 183];
[89 58];[92 54];[84 54];[95 55];[71 54];[100  71];[67 72];[117  85];[80 83];[118  85];[111  82];[124 109];[101 114];[151 135];[105 147];[171 171];[108 184];
[85 56];[89 53];[80 52];[92 54];[68 53];[98 68];[62 70];[113  75];[76 77];[123  77];[111  76];[122 109];[ 97 115];[148 136];[102 148];[169 172];[108 184];
[80 56];[84 52];[75 52];[89 54];[65 53];[97 70];[62 71];[114  81];[64 71];[112  79];[97 68];[121 107];[ 96 113];[144 137];[100 149];[163 173];[107 184];
[69 55];[71 51];[66 52];[76 50];[57 50];[93 65];[54 67];[116  81];[53 66];[134  97];[78 49];[113 107];[ 88 112];[131 138];[ 95 146];[145 177];[106 183];
[61 55];[63 51];[59 52];[67 50];[55 51];[91 65];[48 69];[117  78];[47 62];[137  95];[82 47];[109 108];[ 83 113];[122 142];[ 92 148];[133 179];[106 183];
[53 53];[56 48];[50 49];[65 48];[47 50];[90 64];[45 69];[120  77];[42 63];[140  94];[81 47];[106 109];[ 79 115];[112 141];[ 90 150];[115 180];[106 181];
[46 51];[51 47];[43 48];[64 47];[42 50];[89 64];[43 68];[120  76];[40 64];[141  93];[72 51];[100 109];[ 75 113];[ 98 143];[ 85 147];[ 98 179];[ 99 178];
[40 51];[44 46];[37 47];[58 46];[35 50];[85 62];[38 68];[118  75];[35 64];[142  92];[60 54];[ 95 108];[ 68 112];[ 84 140];[ 84 148];[ 72 178];[103 182];
[34 52];[38 47];[31 49];[54 46];[33 50];[82 60];[32 68];[116  73];[32 61];[140  93];[65 49];[ 89 107];[ 61 111];[ 71 137];[ 79 146];[ 53 179];[103 182];
[27 50];[32 45];[24 47];[48 44];[26 48];[76 59];[26 65];[113  74];[29 62];[138  94];[56 51];[ 81 107];[ 55 110];[ 57 138];[ 74 147];[ 34 180];[101 181];
[21 51];[25 46];[19 48];[43 44];[23 47];[71 59];[23 63];[110  74];[22 60];[135  95];[45 51];[ 73 107];[ 50 109];[ 46 138];[ 69 147];[ 21 180];[100 180];
[16 51];[21 46];[15 47];[39 44];[21 48];[67 60];[25 62];[105  76];[14 61];[129  98];[13 64];[ 63 109];[ 47 110];[ 35 141];[ 63 150];[ 12 182];[ 98 179];
[ 9 51];[13 45];[ 7 47];[31 41];[14 47];[57 63];[14 64];[88 80];[ 2 68];[109 106];[21 57];[ 48 110];[ 33 112];[ 11 138];[ 40 153];[  6 183];[ 89 172];
[ 7 49];[10 44];[ 5 46];[26 41];[11 46];[50 62];[11 63];[75 82];[ 0 70];[ 91 109];[15 65];[ 40 109];[ 25 110];[  5 137];[ 30 153];[  3 184];[ 80 171];
[ 5 49];[ 7 44];[ 2 46];[23 39];[ 8 45];[46 61];[ 8 63];[59 82];[ 0 73];[ 63 109];[-3 80];[ 36 109];[ 19 110];[  3 137];[ 21 149];[  4 184];[ 70 169];
[ 0 44];[ 3 39];[-1 41];[18 37];[ 6 41];[40 58];[ 4 63];[44 84];[ 5 87];[ 30 107];[  5 106];[ 33 108];[ 14 109];[  2 139];[  9 148];[  6 185];[ 58 169];
[-2 38];[ 0 34];[-2 35];[14 34];[ 6 38];[35 55];[ 4 60];[27 82];[ 2 84];[ 2 98];[-2 96];[ 31 103];[ 12 104];[  1 138];[  1 145];[  6 186];[ 43 169];
[-2 36];[-1 31];[-3 32];[ 4 31];[ 0 33];[22 50];[ 3 51];[ 4 66];[ 2 74];[-4 61];[ 4 76];[23 98];[ 7 98];[  5 135];[  0 136];[  3 181];[  5 179];
[ 0 29];[ 0 25];[ 0 25];[-2 28];[ 6 27];[ 1 49];[22 47];[ 3 70];[30 75];[ 1 65];[12 79];[10 98];[24 97];[  3 142];[  7 140];[  3 184];[  4 182];
[ 0 46];[ 0 43];[ 0 44];[-3 42];[ 2 34];[ 0 49];[11 47];[ 3 75];[21 75];[ 0 92];[10 91];[ 9 95];[17 95];[  4 143];[  6 142];[  4 185];[  4 184];
[ 0 42];[ 0 39];[ 0 39];[-2 38];[ 2 31];[ 2 47];[ 9 47];[ 4 73];[17 77];[ 0 87];[ 6 90];[ 7 96];[12 96];[  4 143];[  4 142];[  4 186];[  4 185];
[ 0 34];[ 0 30];[ 0 31];[-2 30];[ 1 29];[ 1 47];[ 6 46];[ 7 74];[15 75];[ 1 86];[ 5 87];[ 4 95];[ 8 95];[  3 142];[  2 141];[  4 184];[  4 184];
[ 1 38];[ 1 35];[ 1 35];[-1 36];[ 1 35];[ 3 53];[ 4 52];[14 77];[15 76];[ 7 95];[ 8 95];[  0 104];[  1 103];[  1 144];[  0 143];[  5 182];[  4 182];
[ 1 41];[ 1 38];[ 1 38];[-1 39];[ 0 37];[ 1 54];[ 2 54];[11 76];[12 76];[ 6 97];[ 6 97];[  0 105];[  1 104];[  0 144];[  0 144];[  4 183];[  3 183];
