[128 116];[138 105];[118 106];[152 113];[106 115];[168 186];[ 89 186];[188 249];[ 60 250];[216 256];[ 53 256];[160 262];[107 264];[176 245];[119 247];[167 248];[121 252];
[129 116];[138 105];[118 106];[153 113];[106 115];[168 186];[ 89 187];[189 248];[ 59 251];[220 255];[ 55 256];[161 262];[109 264];[179 245];[122 246];[169 247];[123 251];
[128 116];[138 105];[118 105];[153 113];[106 115];[168 186];[ 89 186];[189 250];[ 59 251];[215 255];[ 53 256];[156 262];[105 263];[158 244];[100 244];[136 247];[ 93 251];
[128 116];[138 105];[119 105];[152 113];[106 115];[169 186];[ 88 187];[188 250];[ 58 251];[210 255];[ 55 255];[157 262];[104 263];[156 244];[ 99 245];[134 247];[ 92 251];
[129 116];[138 105];[119 105];[153 112];[106 114];[168 186];[ 89 187];[190 248];[ 60 250];[222 255];[ 54 257];[161 262];[108 264];[178 244];[120 246];[169 248];[121 251];
[129 115];[138 104];[119 105];[153 113];[107 114];[169 186];[ 90 187];[188 250];[ 60 251];[208 256];[ 56 256];[156 262];[105 263];[155 244];[ 98 245];[133 247];[ 92 251];
[129 115];[139 104];[119 105];[154 112];[107 114];[168 186];[ 90 188];[191 247];[ 62 249];[226 255];[ 57 257];[161 262];[109 264];[178 245];[120 248];[170 247];[122 251];
[130 114];[140 103];[120 104];[154 112];[107 114];[168 185];[ 90 186];[190 248];[ 62 247];[224 255];[ 59 255];[161 261];[109 264];[177 245];[121 248];[169 247];[123 251];
[130 114];[140 103];[120 104];[154 112];[107 114];[168 186];[ 90 187];[189 249];[ 64 250];[219 255];[ 67 255];[160 261];[108 263];[178 244];[122 246];[168 247];[123 251];
[130 114];[140 103];[120 104];[154 112];[107 114];[168 186];[ 90 187];[189 249];[ 65 250];[218 256];[ 60 255];[161 261];[109 264];[177 244];[121 246];[168 247];[122 251];
[130 114];[140 104];[120 105];[154 112];[107 114];[168 186];[ 91 188];[190 249];[ 68 252];[216 256];[ 72 257];[162 261];[111 263];[178 244];[123 246];[169 247];[124 251];
[130 114];[140 103];[120 104];[154 112];[107 114];[168 185];[ 91 188];[193 248];[ 68 251];[225 257];[ 69 256];[164 261];[113 264];[181 245];[126 247];[174 247];[127 252];
[131 113];[140 103];[120 104];[154 113];[107 114];[168 184];[ 91 188];[198 246];[ 69 251];[237 254];[ 71 256];[166 260];[115 263];[187 246];[130 248];[179 248];[129 252];
[131 113];[141 102];[120 103];[154 112];[107 114];[168 184];[ 91 188];[200 243];[ 69 251];[237 253];[ 74 256];[166 260];[114 264];[188 246];[130 248];[179 248];[129 252];
[131 112];[141 102];[121 103];[154 111];[108 113];[168 183];[ 91 187];[200 242];[ 70 252];[236 253];[ 83 259];[166 260];[115 263];[191 247];[133 247];[181 248];[130 251];
[131 112];[141 101];[121 102];[154 111];[107 113];[168 183];[ 91 187];[200 243];[ 70 252];[239 254];[ 76 259];[161 261];[110 264];[186 246];[130 247];[177 247];[128 251];
[130 112];[141 102];[120 102];[155 118];[108 116];[173 185];[ 90 188];[205 250];[ 70 253];[224 250];[ 80 258];[166 262];[112 264];[185 243];[128 245];[177 246];[130 249];
[132 112];[141 101];[121 102];[154 110];[107 113];[172 183];[ 91 185];[195 250];[ 70 252];[198 188];[ 77 255];[161 263];[107 265];[171 241];[117 244];[161 239];[120 244];
[131 112];[140 102];[120 102];[154 113];[108 114];[172 183];[ 90 185];[195 246];[ 70 252];[202 159];[ 74 256];[156 264];[102 264];[148 241];[ 94 241];[126 237];[ 90 240];
[131 111];[140 102];[120 102];[154 113];[108 114];[173 182];[ 91 185];[196 241];[ 70 254];[206 127];[ 74 258];[157 264];[102 264];[148 241];[ 93 240];[121 232];[ 88 234];
[130 112];[140 102];[120 103];[153 113];[108 115];[173 183];[ 91 185];[197 241];[ 69 253];[208 125];[ 72 256];[155 264];[101 263];[147 241];[ 91 240];[119 234];[ 85 234];
[130 111];[140 102];[120 103];[153 115];[108 116];[172 183];[ 91 186];[197 241];[ 68 252];[208 124];[ 73 254];[155 263];[101 262];[146 243];[ 89 241];[117 237];[ 84 236];
[131 111];[140 102];[120 102];[153 114];[108 115];[173 183];[ 91 186];[197 241];[ 66 252];[208 126];[ 71 255];[155 264];[100 263];[145 242];[ 88 242];[117 236];[ 83 236];
[131 110];[141 101];[120 102];[154 114];[108 115];[173 184];[ 91 185];[198 241];[ 63 250];[209 127];[ 71 251];[159 263];[103 263];[165 243];[107 244];[147 230];[111 230];
[130 111];[140 101];[120 102];[154 115];[108 115];[173 184];[ 89 186];[197 241];[ 62 251];[208 127];[ 64 250];[155 264];[ 99 263];[146 243];[ 86 243];[118 234];[ 82 235];
[130 111];[140 102];[120 102];[153 114];[108 115];[172 183];[ 89 184];[195 241];[ 58 251];[208 126];[ 74 253];[148 263];[ 93 262];[140 241];[ 86 240];[110 236];[ 80 236];
[130 112];[140 102];[120 102];[153 114];[107 115];[172 183];[ 88 184];[195 242];[ 67 253];[207 127];[117 187];[152 264];[ 95 264];[153 239];[ 95 240];[116 229];[ 83 232];
[131 111];[140 102];[120 102];[153 117];[107 117];[171 184];[ 89 185];[195 242];[ 69 251];[207 127];[110 175];[161 265];[104 266];[176 243];[118 242];[149 227];[113 228];
[128 111];[139 101];[117 100];[154 114];[104 109];[170 181];[ 92 177];[194 242];[ 71 247];[206 127];[ 97 148];[163 264];[106 264];[177 243];[113 244];[155 228];[112 231];
[131 111];[140 101];[121 102];[153 112];[108 111];[174 182];[ 87 183];[193 243];[ 73 241];[206 124];[ 94 100];[161 263];[102 264];[175 243];[111 244];[152 229];[108 234];
[131 111];[141 102];[120 102];[154 116];[107 116];[173 183];[ 86 183];[195 242];[ 76 238];[207 124];[ 76 126];[165 263];[106 264];[186 240];[117 238];[169 221];[114 225];
[131 111];[141 101];[121 102];[154 113];[108 114];[174 182];[ 86 182];[195 242];[ 78 251];[206 125];[ 73 169];[165 264];[106 264];[179 242];[113 239];[161 227];[115 227];
[132 111];[141 101];[121 102];[155 114];[108 115];[174 183];[ 90 184];[196 242];[ 76 243];[207 124];[ 71 110];[169 263];[111 265];[189 240];[122 242];[170 215];[122 224];
[132 111];[141 101];[121 102];[154 115];[109 115];[173 183];[ 93 184];[196 242];[ 73 242];[207 125];[ 67 111];[168 263];[111 264];[184 241];[119 243];[167 221];[119 229];
[132 111];[141 101];[121 102];[155 115];[108 116];[173 183];[ 93 183];[195 242];[ 72 241];[207 124];[ 66 107];[167 263];[110 264];[184 241];[119 242];[164 224];[119 230];
[131 111];[141 101];[121 102];[155 115];[109 116];[173 182];[ 92 182];[195 242];[ 72 241];[206 125];[ 65 108];[164 263];[107 264];[179 242];[114 242];[159 226];[114 230];
[131 111];[141 102];[121 102];[155 115];[109 115];[174 182];[ 92 182];[192 241];[ 74 244];[205 125];[ 64 120];[165 263];[108 264];[182 242];[117 242];[162 223];[117 228];
[131 111];[140 102];[120 103];[154 114];[108 115];[172 181];[ 89 181];[187 241];[ 81 250];[203 129];[ 75 173];[166 263];[110 264];[186 240];[123 240];[171 213];[123 221];
[130 111];[140 102];[120 103];[153 114];[107 115];[172 181];[ 88 180];[182 249];[ 84 250];[188 201];[ 97 211];[164 261];[110 262];[190 240];[129 239];[176 241];[127 242];
[130 112];[139 102];[120 103];[151 113];[108 115];[172 183];[ 93 178];[200 247];[ 93 251];[213 233];[104 186];[159 261];[107 260];[164 237];[105 234];[144 249];[101 248];
[130 112];[139 102];[119 103];[153 111];[106 113];[169 181];[ 94 180];[179 250];[ 97 250];[180 186];[112 172];[162 262];[112 264];[188 241];[138 241];[171 240];[136 242];
[132 112];[140 102];[120 103];[153 113];[103 115];[160 176];[ 92 181];[170 247];[104 249];[161 177];[116 167];[162 260];[115 263];[189 246];[140 245];[176 242];[139 242];
[130 119];[139 108];[120 108];[154 113];[106 116];[169 178];[ 92 180];[166 246];[106 249];[147 162];[134 163];[170 258];[119 259];[184 244];[135 238];[170 239];[139 233];
[129 114];[138 104];[119 104];[154 114];[109 118];[170 178];[ 94 177];[161 245];[116 250];[134 154];[137 155];[171 262];[117 263];[182 246];[115 244];[161 250];[120 247];
[128 116];[140 106];[119 105];[157 117];[107 116];[170 180];[ 94 180];[167 246];[108 249];[134 156];[141 156];[175 260];[124 260];[192 242];[143 236];[174 236];[145 231];
[127 116];[138 106];[119 105];[155 116];[107 116];[171 182];[ 93 181];[167 247];[106 249];[133 161];[140 163];[168 261];[117 260];[178 241];[131 235];[162 236];[137 231];
[126 116];[138 106];[119 106];[155 117];[107 115];[171 182];[ 93 181];[167 247];[106 249];[133 162];[139 166];[168 260];[117 259];[176 241];[129 234];[161 236];[137 231];
[126 117];[138 107];[119 106];[156 117];[107 116];[170 181];[ 93 181];[167 247];[107 249];[132 161];[139 164];[170 260];[119 259];[183 241];[133 235];[166 236];[138 231];
[127 118];[138 107];[119 106];[155 116];[108 116];[170 182];[ 93 181];[169 245];[115 249];[135 162];[136 161];[159 262];[110 263];[179 244];[135 245];[165 250];[130 249];
[128 117];[138 106];[119 106];[156 116];[108 117];[170 183];[ 93 181];[170 246];[114 249];[136 154];[137 157];[166 259];[115 261];[190 245];[141 246];[173 248];[134 249];
[127 119];[139 108];[119 107];[156 118];[107 117];[170 183];[ 94 181];[170 245];[113 249];[135 160];[137 158];[162 260];[112 261];[186 245];[138 246];[169 249];[132 249];
[128 120];[140 108];[121 107];[157 117];[109 117];[171 183];[ 93 181];[169 245];[114 250];[136 160];[137 158];[163 260];[113 261];[185 245];[138 246];[168 249];[132 249];
[128 119];[140 108];[119 107];[158 118];[107 116];[170 181];[ 93 182];[168 247];[108 250];[132 158];[141 160];[185 257];[133 257];[207 242];[156 235];[186 234];[153 228];
[128 120];[140 109];[120 108];[158 118];[107 116];[170 181];[ 92 181];[168 247];[107 249];[132 159];[138 161];[177 258];[125 258];[194 241];[142 234];[174 235];[145 228];
[127 119];[140 109];[119 107];[158 118];[107 115];[170 182];[ 93 181];[167 247];[105 249];[134 160];[137 164];[173 259];[122 259];[186 241];[137 234];[171 236];[141 229];
[126 120];[138 109];[119 108];[156 117];[108 115];[169 181];[ 92 182];[167 247];[106 249];[135 161];[131 164];[178 257];[126 258];[193 242];[143 235];[178 236];[146 229];
[126 122];[138 110];[118 109];[157 119];[107 116];[169 181];[ 92 182];[166 248];[102 249];[142 164];[123 168];[177 256];[125 256];[190 242];[139 234];[177 234];[143 226];
[130 125];[142 111];[121 111];[161 118];[109 118];[170 183];[ 93 181];[169 248];[105 251];[150 171];[123 164];[164 258];[113 258];[185 248];[133 248];[174 249];[134 249];
[130 113];[140 104];[122 105];[161 113];[110 118];[170 180];[ 93 179];[169 247];[102 250];[153 166];[120 164];[160 258];[109 259];[177 249];[121 250];[172 248];[124 249];
[131 112];[140 102];[120 104];[153 114];[107 117];[167 178];[ 92 182];[173 247];[104 236];[165 169];[126  67];[161 259];[110 262];[189 244];[130 247];[180 246];[127 250];
[133 112];[141 103];[122 104];[151 113];[108 115];[163 178];[ 92 180];[170 245];[ 97 245];[172 162];[114 120];[154 258];[106 260];[175 241];[122 242];[169 246];[121 248];
[132 112];[141 102];[122 103];[151 112];[109 112];[167 177];[ 93 178];[176 154];[ 96 237];[156  34];[112 134];[158 257];[107 258];[180 234];[123 233];[172 243];[121 243];
[132 112];[140 102];[122 103];[152 111];[110 113];[169 177];[ 93 175];[180 140];[ 98 170];[168  60];[110  46];[158 252];[108 253];[173 230];[117 229];[170 236];[119 238];
[131 112];[140 102];[121 103];[154 112];[107 115];[177 187];[ 92 189];[201 213];[ 85 176];[180  89];[96 57];[169 255];[115 257];[194 233];[133 236];[176 222];[129 225];
[131 112];[140 102];[121 104];[152 112];[107 115];[174 185];[ 91 182];[188 206];[ 82 118];[182  83];[93 40];[164 255];[112 256];[190 231];[123 234];[178 230];[126 236];
[131 111];[139 102];[120 103];[153 114];[107 115];[175 185];[ 90 181];[185 239];[ 77 118];[193 138];[89 35];[166 260];[111 261];[190 233];[116 238];[179 209];[119 224];
[131 112];[140 102];[120 103];[153 113];[108 114];[172 181];[ 89 181];[182 249];[ 75 248];[196 180];[ 65 157];[161 263];[105 264];[182 241];[116 240];[168 234];[116 238];
[131 111];[140 102];[120 103];[154 112];[109 115];[174 181];[ 91 179];[187 245];[ 82 249];[205 156];[ 62 207];[164 263];[109 263];[181 243];[120 241];[165 228];[122 234];
[131 111];[140 102];[120 103];[154 113];[108 115];[174 182];[ 90 181];[189 246];[ 70 245];[212 150];[ 52 141];[161 263];[104 264];[176 243];[110 241];[163 226];[112 234];
[131 112];[140 102];[120 103];[154 114];[108 115];[173 182];[ 91 182];[194 241];[ 74 245];[209 127];[ 45 159];[164 262];[107 262];[177 241];[111 236];[165 226];[116 228];
[130 112];[140 102];[120 103];[153 113];[108 115];[174 183];[ 91 183];[195 242];[ 70 246];[209 126];[ 50 141];[163 263];[105 263];[177 242];[109 238];[159 226];[111 229];
[130 112];[139 102];[120 103];[153 113];[108 115];[175 183];[ 90 184];[195 243];[ 62 247];[208 127];[ 49 141];[163 264];[104 265];[178 242];[110 241];[159 220];[112 225];
[130 112];[139 102];[120 103];[153 113];[108 114];[174 183];[ 91 183];[195 242];[ 65 247];[208 128];[ 47 146];[162 264];[104 264];[177 242];[108 240];[160 221];[110 226];
[130 112];[139 102];[120 103];[154 113];[108 115];[174 183];[ 90 182];[194 242];[ 73 243];[207 135];[ 61 225];[160 261];[104 261];[170 240];[103 238];[160 219];[111 224];
[129 112];[138 103];[119 104];[152 113];[108 116];[171 183];[ 90 182];[183 249];[ 71 245];[201 237];[ 59 247];[154 262];[102 262];[149 244];[ 92 243];[129 247];[ 87 249];
[128 113];[137 103];[119 105];[153 112];[107 115];[169 182];[ 90 182];[181 247];[ 71 244];[182 257];[ 60 252];[155 261];[103 262];[160 244];[ 97 242];[147 248];[104 251];
[127 114];[137 103];[117 105];[152 112];[106 116];[170 183];[ 90 184];[192 246];[ 65 249];[218 253];[ 56 256];[155 261];[103 262];[158 242];[ 96 242];[132 245];[ 88 248];
[126 114];[136 103];[117 105];[152 111];[107 115];[167 185];[ 90 183];[184 249];[ 64 246];[173 256];[ 50 255];[147 261];[ 98 261];[143 244];[ 88 244];[122 247];[ 84 251];
[125 114];[135 103];[116 105];[152 112];[106 115];[167 185];[ 90 184];[182 250];[ 61 248];[158 254];[ 52 255];[147 261];[ 97 261];[142 243];[ 88 243];[121 246];[ 84 250];
[125 115];[135 104];[116 106];[152 112];[106 116];[168 185];[ 90 185];[186 250];[ 62 247];[202 257];[ 49 256];[153 262];[102 262];[150 244];[ 92 245];[129 247];[ 88 251];
[125 114];[135 104];[116 105];[152 112];[106 116];[168 185];[ 89 185];[186 249];[ 61 250];[206 255];[ 51 256];[153 262];[102 263];[152 244];[ 94 244];[130 247];[ 88 251];
[125 115];[135 104];[116 106];[152 112];[106 115];[168 184];[ 90 185];[186 249];[ 62 249];[209 256];[ 52 256];[155 262];[104 263];[153 244];[ 95 245];[131 247];[ 90 251];
[125 116];[135 105];[115 106];[152 112];[105 115];[168 185];[ 90 186];[186 250];[ 62 250];[205 255];[ 52 256];[154 262];[103 263];[151 244];[ 95 244];[131 247];[ 90 251];
[125 117];[135 106];[116 107];[152 113];[105 116];[168 185];[ 90 185];[186 250];[ 63 249];[209 256];[ 51 256];[155 262];[104 263];[152 244];[ 96 245];[132 247];[ 91 251];
[126 116];[136 105];[116 107];[153 113];[106 116];[169 185];[ 91 185];[187 249];[ 63 248];[210 256];[ 50 256];[157 262];[106 263];[154 244];[ 97 245];[133 247];[ 91 251];
[126 115];[136 104];[116 106];[153 112];[106 116];[169 185];[ 91 185];[187 250];[ 64 246];[207 256];[ 49 256];[155 262];[104 262];[151 244];[ 94 246];[131 247];[ 89 251];
[126 115];[136 104];[116 106];[152 112];[106 116];[168 185];[ 90 186];[187 250];[ 60 250];[209 256];[ 49 256];[155 262];[104 263];[154 244];[ 97 245];[132 247];[ 91 251];
[126 115];[136 105];[116 106];[152 112];[106 115];[168 185];[ 90 186];[187 250];[ 59 251];[207 256];[ 50 256];[155 262];[104 263];[154 244];[ 98 245];[132 247];[ 91 251];
[126 116];[136 105];[116 106];[152 113];[105 116];[168 185];[ 89 186];[186 251];[ 58 250];[204 256];[ 49 256];[154 262];[102 263];[151 244];[ 95 245];[130 247];[ 89 251];
[126 115];[135 104];[116 106];[152 113];[105 116];[168 185];[ 89 186];[186 250];[ 60 250];[209 255];[ 54 256];[155 262];[103 263];[153 244];[ 97 244];[132 247];[ 90 251];
[126 116];[135 105];[116 106];[152 113];[105 116];[168 185];[ 89 186];[185 250];[ 60 250];[202 256];[ 52 256];[154 262];[102 263];[151 244];[ 94 245];[130 247];[ 89 251];
[126 116];[135 105];[116 106];[151 112];[104 116];[168 185];[ 89 186];[185 250];[ 59 251];[207 254];[ 54 256];[155 262];[103 263];[154 244];[ 98 245];[133 247];[ 91 251];
[125 117];[136 106];[116 107];[152 114];[104 116];[168 185];[ 88 187];[185 251];[ 58 251];[205 254];[ 56 255];[155 262];[103 263];[152 243];[ 96 245];[131 247];[ 90 250];
[125 118];[136 107];[115 107];[152 115];[104 116];[167 186];[ 88 187];[185 251];[ 59 251];[204 255];[ 57 255];[154 262];[103 263];[152 243];[ 96 244];[132 247];[ 90 251];
[125 118];[136 107];[115 108];[152 115];[104 117];[168 185];[ 88 187];[186 251];[ 59 252];[206 255];[ 57 255];[155 262];[103 263];[154 244];[ 97 245];[133 247];[ 91 251];
[125 118];[136 107];[115 108];[153 114];[104 117];[168 185];[ 89 186];[187 250];[ 59 251];[212 255];[ 51 256];[156 262];[105 263];[157 245];[ 99 246];[135 247];[ 93 251];
[126 118];[136 106];[115 108];[152 114];[104 117];[168 185];[ 89 187];[187 250];[ 59 251];[213 255];[ 54 256];[156 262];[105 263];[158 244];[100 245];[135 246];[ 93 250];
[125 118];[136 107];[115 108];[153 114];[104 117];[168 186];[ 89 186];[186 251];[ 60 251];[202 256];[ 56 255];[154 262];[103 263];[152 243];[ 96 244];[131 247];[ 90 250];
