[66 56];[66 51];[61 55];[70 52];[54 63];[101  67];[57 88];[147  72];[ 64 116];[189  68];[ 54 126];[117 127];[ 86 132];[109 164];[ 50 163];[105 219];[ 55 213];
[59 59];[60 53];[54 57];[67 53];[51 63];[100  67];[57 88];[145  73];[ 64 117];[185  69];[ 53 127];[117 127];[ 86 132];[108 164];[ 47 162];[105 219];[ 47 215];
[51 62];[51 57];[48 59];[58 55];[52 62];[98 67];[56 88];[143  70];[ 60 118];[181  64];[ 48 130];[116 128];[ 84 132];[105 164];[ 45 163];[105 219];[ 39 216];
[52 59];[53 55];[49 58];[59 55];[49 63];[97 68];[54 89];[140  70];[ 59 117];[175  62];[ 46 131];[115 128];[ 83 132];[105 165];[ 44 165];[105 218];[ 34 216];
[61 54];[60 50];[54 55];[64 53];[47 64];[95 68];[53 89];[138  71];[ 58 120];[171  61];[ 43 131];[115 127];[ 83 132];[104 163];[ 44 164];[105 219];[ 28 218];
[61 54];[60 50];[54 55];[64 53];[47 64];[95 68];[53 89];[138  71];[ 58 120];[171  61];[ 43 131];[115 127];[ 83 132];[104 163];[ 44 164];[105 219];[ 28 218];
[60 54];[60 49];[53 54];[63 53];[44 63];[92 68];[49 88];[135  70];[ 53 117];[169  60];[ 41 131];[113 127];[ 81 131];[103 163];[ 43 165];[104 220];[ 29 219];
[54 54];[54 50];[48 54];[58 52];[41 64];[88 68];[46 89];[131  68];[ 52 119];[165  60];[ 36 132];[110 126];[ 78 132];[102 164];[ 40 166];[104 219];[ 28 222];
[49 52];[49 48];[42 52];[53 52];[33 63];[81 65];[40 91];[124  67];[ 48 120];[162  63];[ 30 134];[106 124];[ 74 131];[100 164];[ 36 166];[102 223];[ 26 224];
[49 52];[49 48];[42 52];[53 52];[34 63];[81 65];[40 91];[124  67];[ 48 120];[162  63];[ 30 134];[106 124];[ 74 131];[100 164];[ 36 166];[102 223];[ 26 224];
[48 54];[48 50];[41 53];[50 55];[31 63];[79 66];[38 92];[124  67];[ 46 122];[162  63];[ 28 136];[106 125];[ 72 131];[100 165];[ 34 166];[103 225];[ 26 224];
[42 56];[42 52];[35 55];[46 55];[26 65];[74 66];[34 93];[118  66];[ 42 124];[158  64];[ 18 137];[104 125];[ 71 132];[ 99 166];[ 32 166];[106 225];[ 25 224];
[42 57];[43 52];[34 55];[47 56];[24 64];[72 66];[32 94];[116  66];[ 38 123];[158  64];[ 14 138];[102 125];[ 69 132];[ 99 166];[ 31 165];[107 225];[ 24 224];
[36 58];[37 53];[29 57];[43 55];[23 66];[71 66];[32 94];[116  66];[ 39 124];[159  63];[ 15 138];[101 124];[ 68 131];[101 166];[ 33 165];[112 226];[ 28 224];
[36 58];[37 53];[29 57];[44 55];[23 66];[71 66];[32 94];[116  66];[ 39 124];[159  63];[ 15 138];[101 124];[ 68 131];[101 166];[ 33 165];[112 226];[ 28 224];
[31 58];[33 54];[25 57];[40 57];[20 67];[67 68];[30 95];[112  68];[ 36 125];[156  65];[ 12 140];[100 125];[ 68 132];[102 166];[ 31 165];[114 224];[ 28 223];
[33 61];[34 56];[27 59];[39 58];[19 67];[64 68];[29 95];[109  67];[ 37 125];[154  63];[ 12 139];[101 124];[ 69 131];[103 167];[ 33 166];[117 224];[ 31 224];
[26 61];[28 56];[19 60];[35 59];[13 69];[61 70];[25 95];[107  68];[ 32 123];[152  63];[  9 138];[ 99 123];[ 67 130];[103 166];[ 33 167];[119 223];[ 35 224];
[24 63];[26 57];[17 61];[34 59];[11 69];[60 70];[21 94];[107  69];[ 29 120];[151  64];[  9 139];[ 98 123];[ 65 131];[102 166];[ 31 167];[121 223];[ 35 224];
[24 63];[26 57];[17 61];[34 59];[11 69];[60 70];[21 94];[107  69];[ 29 120];[151  64];[  9 139];[ 98 123];[ 65 131];[102 166];[ 31 167];[121 223];[ 35 224];
[21 64];[24 59];[14 63];[31 60];[ 7 71];[57 71];[16 91];[105  69];[ 27 118];[149  64];[  9 140];[ 98 123];[ 64 130];[101 166];[ 29 168];[122 224];[ 35 226];
[21 67];[23 61];[15 66];[31 61];[ 9 72];[57 74];[18 92];[105  72];[ 26 121];[148  65];[ 12 144];[ 97 126];[ 67 133];[106 167];[ 33 168];[130 222];[ 42 223];
[18 73];[20 67];[14 71];[29 64];[13 75];[62 75];[21 96];[106  72];[ 22 124];[149  65];[ 20 147];[ 98 127];[ 69 136];[112 167];[ 36 168];[138 220];[ 50 222];
[19 74];[20 69];[15 72];[31 66];[16 74];[64 76];[24 97];[108  72];[ 18 121];[150  66];[ 19 146];[101 127];[ 71 136];[114 167];[ 37 168];[142 220];[ 52 222];
[19 74];[20 69];[15 72];[31 66];[16 75];[64 76];[24 97];[108  72];[ 18 121];[150  66];[ 19 146];[101 127];[ 71 136];[114 167];[ 37 168];[142 220];[ 52 222];
[20 76];[20 71];[18 72];[26 69];[21 73];[66 77];[26 97];[112  71];[ 17 125];[153  65];[ 19 152];[103 128];[ 72 136];[120 168];[ 37 168];[146 219];[ 53 223];
[20 76];[20 71];[18 72];[26 69];[21 73];[66 77];[26 97];[112  72];[ 17 125];[153  65];[ 19 152];[103 128];[ 72 136];[120 169];[ 37 168];[146 219];[ 53 223];
[29 72];[29 67];[25 70];[34 66];[24 75];[69 75];[ 32 100];[113  70];[ 23 126];[155  64];[ 18 153];[105 127];[ 75 136];[122 167];[ 37 165];[151 218];[ 55 222];
[28 75];[29 70];[24 73];[40 66];[26 76];[76 75];[ 39 103];[119  69];[ 38 133];[159  63];[ 21 158];[110 127];[ 80 135];[127 168];[ 43 165];[157 217];[ 50 222];
[28 75];[30 70];[24 73];[40 66];[26 76];[76 75];[ 39 103];[119  69];[ 38 133];[159  63];[ 21 158];[110 127];[ 80 135];[127 168];[ 43 165];[157 217];[ 50 222];
[34 73];[36 67];[29 71];[45 66];[27 76];[76 76];[ 41 103];[121  69];[ 43 132];[161  63];[ 24 157];[114 126];[ 84 135];[128 168];[ 49 166];[160 216];[ 51 218];
[30 77];[31 71];[27 74];[42 67];[32 77];[80 74];[ 46 101];[123  69];[ 48 131];[163  62];[ 31 155];[115 126];[ 87 135];[125 168];[ 54 167];[162 216];[ 59 221];
[33 76];[34 70];[30 74];[45 66];[34 76];[82 74];[ 50 101];[125  69];[ 56 131];[165  61];[ 38 154];[118 126];[ 91 135];[126 169];[ 65 170];[163 216];[ 65 222];
[33 76];[34 70];[30 74];[45 66];[35 76];[82 74];[ 50 101];[125  69];[ 56 131];[165  61];[ 38 154];[118 126];[ 91 135];[126 169];[ 65 170];[163 216];[ 64 222];
[42 74];[43 69];[39 72];[53 67];[40 76];[86 74];[55 99];[129  70];[ 66 127];[169  61];[ 56 148];[122 125];[ 97 134];[130 169];[ 80 170];[166 216];[ 83 218];
[48 72];[49 66];[43 71];[58 66];[41 78];[88 75];[ 57 100];[130  70];[ 70 127];[171  60];[ 60 145];[125 124];[100 134];[132 168];[ 83 172];[168 216];[ 94 219];
[53 73];[54 67];[47 72];[62 66];[45 79];[91 75];[ 59 100];[132  71];[ 74 125];[172  61];[ 69 145];[128 125];[103 135];[136 167];[ 87 173];[161 218];[ 98 221];
[54 73];[55 68];[49 72];[64 67];[46 79];[92 74];[ 62 100];[134  70];[ 77 126];[175  60];[ 72 145];[131 125];[106 135];[140 163];[ 86 170];[153 216];[ 98 220];
[54 73];[55 68];[49 72];[64 67];[46 79];[92 74];[ 62 100];[134  70];[ 77 126];[175  60];[ 72 145];[131 125];[106 135];[140 163];[ 86 170];[153 216];[ 98 220];
[49 76];[50 70];[45 75];[61 67];[46 79];[94 74];[ 61 100];[136  69];[ 76 124];[176  60];[ 78 142];[132 124];[105 135];[149 159];[ 84 170];[151 215];[ 96 221];
[56 75];[58 69];[51 74];[66 67];[48 81];[96 74];[ 62 101];[140  68];[ 77 125];[178  59];[ 82 134];[137 123];[110 134];[158 157];[ 88 168];[164 218];[101 220];
[62 73];[64 67];[57 72];[73 66];[54 79];[102  73];[ 69 101];[144  68];[ 85 127];[182  60];[ 90 138];[141 123];[115 134];[172 153];[ 94 167];[191 206];[108 218];
[67 73];[69 67];[62 71];[76 66];[57 79];[104  73];[ 69 101];[145  68];[ 84 122];[184  60];[101 138];[142 122];[116 134];[175 152];[ 98 169];[200 203];[113 219];
[68 73];[69 67];[62 72];[76 66];[57 79];[104  73];[ 69 101];[145  68];[ 84 122];[184  60];[101 138];[142 122];[116 134];[175 152];[ 98 168];[200 204];[113 219];
[70 73];[71 67];[64 71];[78 66];[59 77];[106  73];[ 70 101];[146  69];[ 85 123];[185  60];[107 137];[144 123];[118 135];[176 153];[100 169];[202 205];[112 219];
[72 73];[73 68];[66 72];[79 65];[61 77];[106  73];[ 72 100];[148  69];[ 85 122];[188  61];[109 135];[145 123];[119 135];[170 156];[101 169];[199 208];[113 220];
[67 71];[68 66];[62 70];[77 64];[60 76];[107  72];[70 98];[148  69];[ 83 121];[188  61];[101 133];[141 125];[114 136];[161 153];[ 99 169];[193 213];[113 220];
[67 71];[69 65];[63 69];[77 64];[61 74];[108  72];[70 98];[149  69];[ 82 121];[189  61];[ 97 133];[140 124];[112 135];[154 156];[ 97 170];[181 213];[112 220];
[67 71];[69 65];[63 69];[77 64];[61 74];[109  72];[70 98];[149  69];[ 82 121];[189  61];[ 97 133];[140 124];[112 135];[154 156];[ 97 170];[181 213];[112 220];
[76 69];[77 64];[70 67];[83 62];[65 71];[111  72];[71 95];[152  70];[ 80 117];[190  62];[ 93 131];[137 126];[110 136];[142 153];[ 96 170];[163 201];[113 220];
[79 67];[80 62];[73 65];[87 61];[69 70];[115  72];[76 93];[154  70];[ 82 115];[192  62];[ 90 129];[136 126];[109 135];[134 155];[ 93 169];[149 209];[110 220];
[79 65];[81 60];[75 63];[87 59];[72 68];[117  70];[78 90];[157  69];[ 84 114];[193  62];[ 87 129];[132 127];[106 132];[108 163];[ 85 168];[130 213];[105 217];
[85 68];[86 62];[80 66];[93 58];[77 68];[121  70];[82 87];[161  70];[ 86 112];[194  63];[ 85 127];[131 128];[104 132];[106 163];[ 77 167];[133 213];[102 214];
[85 68];[86 62];[80 66];[93 58];[77 68];[121  70];[82 87];[161  70];[ 86 112];[194  63];[ 85 127];[131 128];[104 132];[106 163];[ 77 167];[133 213];[102 214];
[91 63];[94 57];[86 60];[103  54];[84 66];[127  70];[89 86];[163  71];[ 91 115];[193  66];[ 83 127];[126 128];[101 132];[100 164];[ 70 163];[128 214];[ 84 214];
[93 64];[96 58];[88 61];[106  55];[86 65];[131  70];[92 84];[167  73];[ 89 111];[193  66];[ 77 128];[125 129];[ 99 130];[ 96 165];[ 69 165];[133 212];[ 58 217];
[95 62];[99 56];[90 60];[110  56];[88 65];[134  71];[91 83];[171  77];[ 88 111];[192  69];[ 73 130];[127 128];[ 99 128];[ 99 166];[ 72 166];[136 211];[ 49 217];
[96 62];[99 56];[90 60];[110  56];[88 64];[134  71];[91 83];[171  77];[ 88 111];[192  69];[ 73 130];[127 128];[ 99 129];[ 99 166];[ 72 166];[136 211];[ 49 217];
[98 63];[101  57];[93 60];[112  56];[90 65];[134  72];[92 84];[171  76];[ 87 113];[191  70];[ 68 129];[127 129];[100 130];[100 168];[ 73 167];[139 214];[ 48 218];
[101  62];[106  57];[97 58];[116  57];[93 62];[134  73];[91 83];[169  78];[ 83 110];[183  75];[ 65 127];[130 130];[102 131];[115 169];[ 76 165];[143 213];[ 63 216];
[103  61];[108  57];[99 58];[116  57];[93 62];[135  74];[91 83];[169  78];[ 81 110];[184  75];[ 64 128];[134 130];[105 132];[122 169];[ 80 165];[146 216];[ 70 217];
[106  61];[110  56];[101  57];[117  57];[93 61];[133  73];[89 82];[164  77];[ 79 108];[180  76];[ 64 126];[137 130];[108 131];[132 169];[ 85 161];[148 216];[ 87 210];
[106  61];[110  56];[101  57];[117  57];[93 61];[133  73];[89 82];[163  77];[ 79 108];[180  76];[ 64 126];[137 130];[108 131];[132 169];[ 85 161];[148 216];[ 87 210];
[105  60];[109  55];[100  56];[116  56];[93 61];[133  72];[88 81];[161  77];[ 77 106];[179  76];[ 63 125];[141 128];[111 131];[137 167];[ 89 157];[150 217];[101 204];
[107  59];[110  54];[102  55];[115  56];[92 59];[130  71];[86 80];[157  74];[ 74 104];[178  75];[ 64 124];[146 127];[117 131];[150 165];[105 161];[152 211];[129 212];
[107  59];[111  55];[102  56];[115  57];[91 59];[129  71];[85 80];[156  74];[ 74 104];[178  76];[ 65 123];[147 128];[118 133];[156 167];[113 163];[159 214];[132 213];
[108  61];[112  57];[103  56];[117  58];[91 59];[128  73];[83 81];[156  77];[ 76 105];[179  78];[ 69 122];[148 128];[118 133];[162 166];[120 164];[167 214];[132 214];
[108  61];[112  57];[103  56];[117  58];[91 59];[128  73];[83 81];[156  77];[ 76 105];[179  78];[ 69 122];[148 128];[118 133];[162 166];[120 164];[166 214];[132 214];
[109  61];[113  57];[104  57];[118  60];[93 60];[130  73];[84 81];[158  78];[ 76 107];[180  78];[ 73 123];[149 127];[120 132];[167 165];[125 165];[175 214];[127 215];
[111  61];[116  57];[106  57];[120  60];[95 59];[131  74];[85 82];[159  80];[ 76 109];[180  80];[ 75 124];[149 126];[120 131];[168 164];[131 164];[181 213];[123 214];
[116  62];[119  58];[111  57];[122  61];[98 58];[131  75];[83 78];[159  83];[ 71 100];[181  82];[ 74 118];[146 126];[117 129];[171 165];[136 164];[191 212];[111 211];
[118  61];[120  58];[113  57];[122  60];[100  58];[131  75];[84 76];[161  83];[ 67 100];[184  82];[ 69 119];[143 125];[115 129];[169 162];[136 165];[191 210];[105 212];
[118  61];[120  58];[113  57];[122  61];[100  58];[131  75];[84 76];[161  83];[67 99];[183  82];[ 69 119];[143 125];[115 129];[169 162];[136 165];[191 210];[105 212];
[124  61];[125  57];[120  58];[125  58];[106  58];[132  76];[89 79];[160  83];[66 98];[185  84];[ 63 112];[142 127];[115 131];[167 158];[135 167];[189 209];[103 212];
[130  62];[131  58];[126  58];[130  59];[114  57];[136  76];[93 77];[164  81];[66 95];[190  81];[ 47 110];[142 127];[115 131];[172 157];[132 167];[183 209];[102 218];
[130  62];[133  58];[125  58];[137  59];[115  57];[142  76];[97 78];[171  80];[65 91];[194  80];[ 37 105];[144 128];[116 132];[174 154];[129 169];[176 205];[104 217];
[131  61];[135  58];[127  56];[140  60];[118  57];[147  76];[99 74];[178  78];[61 87];[199  76];[22 98];[138 131];[109 132];[176 155];[123 166];[156 206];[101 219];
[131  61];[135  58];[127  56];[140  60];[118  57];[147  76];[99 74];[178  78];[61 87];[199  76];[22 98];[138 131];[109 132];[176 155];[123 166];[156 206];[101 219];
[132  60];[137  57];[128  56];[143  60];[120  57];[151  76];[102  74];[184  78];[62 86];[202  77];[20 96];[138 131];[108 131];[176 155];[117 166];[155 207];[104 218];
[135  60];[139  57];[131  55];[145  59];[122  56];[153  75];[104  73];[181  78];[63 83];[201  79];[24 94];[139 131];[108 130];[176 155];[110 163];[154 206];[102 215];
[135  59];[140  55];[131  54];[146  58];[121  55];[154  75];[105  72];[181  78];[66 82];[199  80];[26 92];[138 130];[107 130];[177 156];[105 163];[153 206];[ 99 214];
[135  59];[140  55];[131  54];[146  58];[121  55];[153  75];[105  72];[181  78];[66 82];[199  80];[26 92];[138 130];[107 130];[177 156];[105 163];[153 206];[ 99 214];
[137  59];[142  55];[132  54];[148  58];[123  56];[156  76];[108  75];[182  81];[70 85];[196  82];[32 92];[138 131];[108 130];[174 159];[ 97 166];[151 208];[ 86 217];
[136  59];[141  55];[132  54];[147  58];[123  56];[156  76];[108  75];[186  84];[70 87];[193  84];[33 91];[137 132];[106 131];[164 162];[ 98 165];[140 215];[ 81 216];
[135  59];[140  55];[131  54];[147  58];[122  55];[155  76];[107  74];[187  86];[71 89];[191  85];[34 91];[137 132];[107 130];[160 165];[ 98 165];[135 216];[ 88 215];
[135  59];[140  55];[131  54];[147  58];[123  56];[154  75];[107  73];[185  92];[74 91];[187  84];[37 91];[137 130];[107 128];[151 166];[ 96 165];[133 218];[ 99 214];
[135  59];[140  55];[131  54];[147  58];[123  56];[154  75];[107  73];[185  92];[74 91];[187  84];[37 91];[137 130];[107 128];[151 166];[ 96 165];[133 218];[ 99 214];
[134  58];[140  55];[130  54];[147  58];[122  55];[155  76];[106  73];[185  94];[73 91];[186  85];[39 88];[139 129];[107 127];[153 165];[ 92 157];[144 219];[104 209];
[132  60];[138  56];[129  55];[144  59];[121  55];[151  76];[104  72];[180  96];[74 90];[181  86];[44 84];[136 130];[105 127];[150 166];[ 83 154];[156 218];[ 96 210];
[131  60];[136  57];[127  55];[143  60];[120  56];[148  78];[103  74];[178  98];[75 91];[174  84];[47 84];[135 132];[106 130];[149 167];[ 79 155];[157 218];[ 94 211];
[132  60];[137  56];[128  55];[143  60];[120  56];[149  78];[104  74];[177  99];[75 92];[175  86];[51 81];[139 132];[110 130];[151 169];[ 76 157];[161 220];[ 96 211];
[132  60];[137  56];[128  55];[143  60];[120  56];[149  78];[104  74];[177  99];[75 92];[175  86];[51 81];[139 132];[110 130];[151 169];[ 76 157];[161 220];[ 96 211];
[130  60];[136  56];[127  55];[142  60];[120  56];[148  77];[104  74];[177  99];[72 91];[171  84];[51 78];[139 131];[110 129];[151 168];[ 76 157];[164 219];[ 96 210];
[127  59];[132  56];[123  55];[138  59];[116  55];[145  77];[101  75];[172  99];[68 89];[170  87];[50 75];[134 131];[105 129];[147 169];[ 73 159];[161 218];[ 95 210];
[122  60];[127  56];[118  55];[133  60];[111  55];[140  77];[96 75];[165  97];[62 90];[167  93];[52 75];[130 131];[101 131];[140 166];[ 79 163];[159 219];[ 94 218];
[124  58];[129  55];[119  53];[134  58];[110  55];[140  75];[95 75];[164  93];[60 88];[165  94];[53 71];[130 130];[101 130];[138 170];[ 86 169];[158 218];[ 91 216];
[124  58];[129  55];[119  53];[134  58];[110  55];[140  75];[95 75];[164  93];[60 88];[165  94];[53 71];[130 130];[101 130];[138 170];[ 86 169];[158 218];[ 91 216];
[119  60];[123  56];[115  55];[129  57];[107  54];[137  72];[92 73];[159  88];[57 85];[162  93];[52 69];[129 128];[100 129];[132 169];[ 88 170];[152 217];[ 90 217];
[111  59];[115  55];[106  55];[121  56];[99 55];[131  73];[85 74];[157  90];[48 86];[161  96];[48 67];[123 128];[ 95 130];[126 168];[ 95 170];[144 217];[ 92 216];
[106  60];[111  56];[102  55];[118  57];[96 56];[130  74];[83 75];[160  90];[45 85];[162  96];[45 66];[124 128];[ 95 129];[122 167];[ 96 170];[138 220];[ 93 218];
[106  58];[111  54];[102  54];[120  56];[97 55];[133  72];[84 74];[165  86];[45 82];[166  95];[43 61];[129 126];[ 99 128];[131 163];[102 170];[132 214];[100 218];
[106  58];[111  54];[102  54];[120  56];[97 55];[133  72];[84 74];[165  86];[45 82];[166  95];[43 61];[129 126];[ 99 128];[131 163];[102 170];[132 214];[100 218];
[107  58];[112  54];[102  54];[119  55];[96 55];[133  71];[84 73];[167  85];[44 82];[167  94];[41 62];[130 124];[100 127];[136 159];[104 169];[129 208];[101 219];
[105  57];[109  53];[100  53];[116  54];[94 54];[130  69];[81 72];[161  81];[42 81];[166  89];[40 61];[126 126];[ 96 129];[144 153];[101 170];[124 205];[ 99 219];
[105  57];[109  52];[100  52];[116  53];[94 53];[131  69];[82 71];[163  78];[44 82];[169  87];[42 61];[127 126];[ 97 129];[152 151];[101 170];[128 205];[101 219];
[105  57];[109  52];[100  52];[116  53];[94 53];[131  69];[82 71];[163  78];[44 82];[169  87];[42 61];[127 126];[ 97 129];[152 151];[101 170];[128 205];[101 219];
[108  55];[112  50];[103  50];[121  51];[97 51];[135  66];[86 69];[170  76];[51 83];[174  84];[52 61];[128 127];[ 97 129];[164 155];[103 168];[134 205];[105 217];
[109  53];[114  49];[105  49];[122  50];[99 50];[136  66];[87 69];[173  75];[55 87];[176  85];[58 65];[130 127];[ 98 129];[166 157];[102 170];[136 206];[108 218];
[110  53];[114  48];[105  48];[123  50];[100  51];[138  67];[90 71];[174  75];[59 88];[177  85];[62 65];[130 128];[ 99 130];[165 158];[101 172];[137 205];[106 220];
[110  53];[114  48];[105  48];[123  50];[100  51];[138  67];[90 71];[174  75];[59 88];[177  85];[62 65];[130 128];[ 99 130];[165 158];[101 172];[137 205];[106 220];
[110  53];[114  48];[105  48];[123  50];[100  51];[138  67];[90 71];[174  75];[59 88];[177  85];[62 65];[130 128];[ 99 130];[165 158];[101 172];[137 205];[106 219];
[110  52];[115  48];[106  48];[123  49];[100  50];[137  66];[89 70];[174  76];[62 92];[177  86];[63 69];[129 127];[ 98 130];[162 159];[ 99 171];[135 205];[104 218];
[104  52];[109  48];[100  48];[119  49];[95 50];[134  65];[87 70];[170  78];[74 99];[170  92];[66 79];[124 127];[ 94 129];[149 161];[ 92 171];[124 214];[102 219];
[103  52];[108  48];[99 48];[117  48];[95 50];[133  65];[89 71];[167  80];[80 99];[167  95];[65 83];[125 128];[ 95 129];[141 164];[ 89 172];[125 215];[100 219];
[99 52];[104  48];[95 48];[114  48];[92 49];[129  64];[86 70];[160  79];[77 97];[163  92];[63 87];[123 127];[ 93 128];[132 168];[ 82 170];[122 219];[ 97 215];
[99 52];[104  48];[95 48];[114  48];[92 49];[129  64];[86 70];[161  79];[77 97];[163  92];[63 87];[123 127];[ 93 128];[132 168];[ 82 170];[122 219];[ 97 215];
[96 53];[101  49];[93 49];[112  48];[90 50];[126  63];[86 71];[159  82];[81 99];[154 101];[ 67 103];[124 127];[ 94 129];[130 168];[ 70 165];[126 221];[ 92 217];
[89 51];[93 46];[85 47];[102  47];[80 49];[119  66];[77 72];[153  84];[73 99];[143 105];[ 63 111];[117 127];[ 87 128];[127 166];[ 53 162];[128 219];[ 78 214];
[82 52];[87 48];[79 47];[97 49];[74 49];[113  66];[68 70];[146  86];[ 68 102];[137 107];[ 58 114];[113 126];[ 81 127];[121 165];[ 45 160];[127 214];[ 70 212];
[79 51];[84 47];[75 47];[92 47];[70 48];[110  64];[64 70];[138  87];[66 98];[133 109];[ 57 113];[108 126];[ 77 128];[115 165];[ 38 159];[126 218];[ 66 211];
[79 51];[84 47];[75 47];[92 47];[70 48];[110  64];[64 70];[138  87];[66 98];[133 109];[ 57 113];[108 127];[ 77 128];[115 165];[ 38 159];[126 218];[ 66 211];
[72 52];[76 47];[68 47];[85 47];[64 49];[104  64];[59 69];[130  87];[59 96];[127 109];[ 51 110];[ 99 124];[ 69 125];[104 167];[ 40 160];[120 219];[ 63 213];
[68 52];[72 48];[65 48];[82 47];[63 49];[102  64];[58 69];[128  87];[56 97];[124 109];[ 48 109];[ 96 124];[ 67 125];[ 97 166];[ 45 162];[114 213];[ 61 215];
[66 51];[70 47];[62 47];[79 47];[59 49];[99 64];[53 69];[126  88];[52 98];[121 112];[ 42 107];[ 94 124];[ 64 125];[ 87 165];[ 48 165];[101 211];[ 59 219];
[66 51];[70 47];[62 47];[79 47];[59 49];[99 64];[54 69];[126  87];[52 98];[121 111];[ 42 107];[ 94 124];[ 64 125];[ 87 165];[ 48 165];[101 211];[ 59 219];
[66 51];[70 47];[62 47];[79 47];[59 49];[99 64];[54 69];[126  87];[52 98];[121 112];[ 42 107];[ 94 124];[ 64 125];[ 87 165];[ 48 165];[101 211];[ 59 219];
[58 52];[62 47];[54 48];[73 46];[50 49];[92 65];[47 69];[123  86];[42 94];[117 111];[ 23 105];[ 87 124];[ 58 125];[ 73 163];[ 47 166];[ 79 220];[ 61 220];
[55 52];[59 47];[52 48];[71 46];[51 50];[93 64];[47 69];[124  86];[37 93];[121 106];[ 14 104];[ 88 122];[ 58 124];[ 66 160];[ 46 169];[ 76 220];[ 61 220];
[52 53];[55 48];[49 50];[69 45];[49 50];[92 63];[47 67];[127  83];[31 90];[120 106];[  7 102];[ 83 120];[ 55 121];[ 59 157];[ 45 168];[ 65 218];[ 55 219];
[52 53];[55 48];[49 50];[69 45];[49 50];[92 63];[47 67];[127  83];[31 90];[120 106];[  7 102];[ 83 120];[ 55 121];[ 59 157];[ 45 168];[ 66 218];[ 55 219];
[48 54];[51 49];[46 50];[65 46];[51 49];[92 62];[48 68];[130  80];[36 93];[122 102];[  9 104];[ 80 120];[ 53 121];[ 58 157];[ 50 168];[ 57 215];[ 58 220];
[47 55];[51 50];[46 51];[66 46];[52 50];[92 62];[48 69];[133  74];[35 94];[125  96];[ 10 106];[ 79 122];[ 50 124];[ 72 152];[ 54 175];[ 50 205];[ 66 221];
[46 55];[49 50];[45 50];[64 46];[52 49];[91 61];[48 69];[134  72];[36 98];[126  94];[ 17 114];[ 78 124];[ 49 125];[ 77 157];[ 54 175];[ 50 207];[ 64 220];
[48 56];[51 51];[46 52];[67 46];[49 51];[91 62];[50 71];[134  71];[41 99];[127  93];[ 26 120];[ 81 125];[ 53 126];[ 78 162];[ 51 170];[ 59 213];[ 61 215];
[48 56];[51 51];[46 52];[67 46];[49 51];[91 62];[50 71];[134  71];[41 99];[127  93];[ 26 120];[ 81 125];[ 53 126];[ 78 162];[ 51 170];[ 59 213];[ 60 215];
[49 56];[52 51];[46 52];[66 47];[48 53];[91 62];[50 73];[134  72];[41 98];[129  92];[ 33 113];[ 83 125];[ 55 127];[ 80 165];[ 53 171];[ 59 212];[ 63 216];
[49 57];[53 51];[47 53];[67 47];[49 53];[92 63];[52 75];[136  72];[ 47 102];[129  92];[ 35 114];[ 86 125];[ 60 128];[ 82 166];[ 55 170];[ 64 214];[ 61 217];
[48 58];[51 53];[45 54];[65 49];[50 54];[92 63];[54 75];[135  72];[ 52 103];[127  93];[ 46 124];[ 87 125];[ 61 127];[ 80 168];[ 55 170];[ 68 216];[ 61 217];
[47 59];[49 55];[45 56];[62 50];[50 55];[91 65];[55 74];[133  74];[56 95];[123  94];[ 58 110];[ 88 128];[ 62 129];[ 79 169];[ 52 171];[ 71 218];[ 61 218];
[47 59];[49 55];[45 56];[62 50];[50 55];[91 65];[55 74];[133  74];[56 95];[123  94];[ 58 110];[ 88 128];[ 62 129];[ 79 169];[ 52 171];[ 71 218];[ 61 218];
[53 61];[56 55];[49 57];[68 51];[48 59];[88 67];[55 78];[131  76];[50 98];[117  99];[ 54 117];[ 93 128];[ 68 131];[ 81 169];[ 52 170];[ 81 221];[ 64 218];
[52 60];[55 55];[49 57];[68 51];[50 60];[87 67];[61 76];[129  79];[57 87];[114 100];[42 80];[ 94 128];[ 72 129];[ 82 168];[ 51 168];[ 85 223];[ 65 216];
[49 62];[50 57];[47 59];[62 52];[51 59];[87 67];[61 75];[128  76];[55 73];[112 101];[49 64];[ 96 127];[ 73 128];[ 82 167];[ 47 168];[ 89 223];[ 59 219];
[47 67];[49 62];[46 63];[59 57];[50 62];[85 70];[60 77];[124  79];[66 89];[109 100];[ 68 100];[ 93 130];[ 70 130];[ 83 169];[ 41 166];[ 90 225];[ 50 220];
[48 67];[49 62];[46 63];[60 57];[50 62];[85 70];[60 76];[124  79];[65 88];[109 100];[67 98];[ 93 130];[ 70 130];[ 83 169];[ 41 166];[ 90 225];[ 50 220];
[45 69];[47 64];[43 65];[57 59];[50 64];[81 71];[62 76];[118  81];[73 81];[100 108];[65 85];[ 90 131];[ 69 131];[ 83 169];[ 35 165];[ 94 222];[ 49 214];
[48 69];[50 64];[46 66];[61 58];[50 64];[82 71];[63 76];[116  83];[77 87];[ 98 107];[73 99];[ 89 131];[ 69 131];[ 85 170];[ 33 163];[ 97 222];[ 50 211];
[46 70];[48 65];[44 66];[59 59];[49 65];[82 72];[59 79];[113  88];[ 66 105];[ 95 113];[ 58 130];[ 86 132];[ 65 132];[ 84 170];[ 32 163];[100 220];[ 51 211];
[46 71];[47 66];[44 67];[55 63];[51 66];[80 74];[59 79];[112  90];[ 70 103];[ 93 114];[ 65 126];[ 83 133];[ 62 133];[ 81 172];[ 32 167];[ 99 218];[ 56 211];
[46 71];[47 67];[44 67];[55 63];[51 66];[80 74];[59 79];[112  90];[ 70 103];[ 93 114];[ 65 125];[ 83 133];[ 62 133];[ 81 171];[ 32 167];[ 99 217];[ 56 211];
[49 73];[50 68];[47 70];[61 62];[50 69];[82 76];[62 84];[111  91];[ 66 110];[ 93 116];[ 56 133];[ 80 134];[ 61 135];[ 78 175];[ 40 171];[ 99 221];[ 69 216];
[51 76];[52 72];[50 73];[61 66];[54 70];[83 77];[64 84];[113  92];[ 68 110];[ 95 116];[ 57 130];[ 82 134];[ 64 134];[ 74 174];[ 42 170];[ 92 221];[ 69 214];
[51 76];[52 72];[50 73];[61 66];[54 70];[83 77];[64 84];[113  92];[ 68 110];[ 95 116];[ 57 130];[ 82 134];[ 64 134];[ 74 174];[ 42 170];[ 92 221];[ 69 214];
[52 76];[53 72];[50 73];[61 66];[54 70];[83 77];[64 84];[113  92];[ 68 110];[ 94 116];[ 57 131];[ 82 134];[ 64 134];[ 74 174];[ 42 170];[ 92 222];[ 69 214];
[54 78];[55 73];[52 75];[63 67];[57 72];[85 77];[69 83];[114  93];[ 73 100];[ 98 119];[ 63 106];[ 84 133];[ 70 133];[ 68 171];[ 52 172];[ 82 218];[ 75 215];
[56 79];[56 75];[54 76];[64 68];[61 73];[86 78];[73 82];[115  93];[77 99];[100 119];[ 63 103];[ 84 132];[ 77 133];[ 60 172];[ 70 175];[ 80 217];[ 83 219];
[60 76];[62 71];[58 72];[73 69];[65 73];[88 79];[77 86];[119  94];[ 76 109];[104 118];[ 65 123];[ 85 134];[ 87 135];[ 54 169];[ 81 178];[ 66 216];[ 99 219];
[60 83];[61 79];[59 80];[69 74];[72 76];[86 81];[85 85];[119  93];[103  99];[104 118];[ 88 111];[ 83 136];[ 91 137];[ 48 168];[ 87 181];[ 63 215];[104 221];
[60 83];[61 78];[59 79];[70 74];[71 76];[86 81];[85 85];[119  93];[100  97];[104 117];[ 81 103];[ 83 135];[ 91 137];[ 48 168];[ 86 180];[ 64 215];[104 220];
[64 84];[64 80];[62 81];[72 74];[73 77];[90 81];[84 87];[120  94];[ 84 113];[106 118];[ 62 120];[ 84 134];[ 90 136];[ 44 162];[ 91 181];[ 58 212];[112 220];
[67 85];[67 81];[65 82];[75 75];[75 78];[93 82];[86 88];[121  95];[ 87 111];[107 119];[ 67 116];[ 87 135];[ 92 137];[ 45 162];[ 95 181];[ 55 213];[117 220];
[72 87];[72 83];[70 84];[79 75];[80 77];[95 81];[92 85];[124  95];[ 96 110];[109 119];[ 76 113];[ 92 136];[100 138];[ 49 162];[106 181];[ 63 213];[125 221];
[71 87];[71 83];[69 84];[77 76];[80 77];[94 82];[92 85];[123  96];[ 98 108];[107 118];[ 77 115];[ 91 137];[ 99 138];[ 51 164];[105 182];[ 63 215];[127 221];
[71 87];[71 83];[69 84];[77 76];[79 78];[95 82];[90 85];[123  96];[ 97 108];[107 118];[ 77 115];[ 93 137];[ 96 138];[ 55 167];[ 97 180];[ 70 215];[122 219];
[68 86];[69 82];[67 84];[77 77];[78 79];[93 83];[95 87];[122  96];[103 110];[110 116];[ 78 115];[ 94 137];[105 139];[ 58 165];[110 183];[ 69 214];[132 221];
[69 87];[69 83];[68 84];[77 79];[80 79];[92 84];[95 87];[121  96];[102 111];[111 114];[ 78 117];[ 95 138];[106 139];[ 60 166];[109 182];[ 75 215];[131 221];
[71 89];[72 85];[70 86];[79 79];[80 81];[93 84];[94 87];[120  96];[100 110];[107 117];[ 79 119];[ 97 137];[108 138];[ 64 168];[112 180];[ 80 214];[133 220];
[74 88];[74 84];[72 85];[81 79];[82 80];[95 84];[95 87];[118  97];[122 100];[105 118];[116 118];[110 140];[ 98 140];[115 180];[ 72 172];[137 221];[ 90 217];
[74 88];[74 84];[72 85];[81 79];[82 80];[95 84];[95 87];[118  97];[122 100];[105 118];[116 118];[110 140];[ 98 140];[115 180];[ 72 172];[137 221];[ 90 217];
[75 88];[75 83];[73 85];[82 78];[85 81];[94 84];[102  87];[114  98];[127 103];[103 121];[123 119];[107 137];[118 139];[ 74 169];[114 178];[ 98 214];[136 219];
[76 88];[76 84];[75 85];[82 79];[87 81];[93 85];[105  88];[115  98];[128 102];[103 121];[121 120];[107 138];[121 139];[ 78 173];[116 180];[100 217];[135 219];
[81 92];[81 88];[79 89];[86 83];[88 84];[98 87];[100  93];[117 101];[112 120];[101 122];[ 99 145];[115 139];[115 140];[100 176];[ 92 175];[122 218];[123 216];
[86 94];[85 90];[85 91];[89 87];[100  86];[98 91];[119  93];[107 103];[137 111];[ 99 127];[139 137];[112 138];[130 138];[ 92 177];[122 178];[110 217];[136 218];
[86 94];[85 90];[85 91];[89 87];[100  86];[97 91];[119  93];[107 103];[137 111];[ 99 127];[139 137];[112 138];[130 138];[ 92 177];[122 178];[110 217];[136 218];
[88 94];[88 90];[86 91];[92 85];[100  86];[102  91];[121  92];[111 103];[139 109];[ 99 127];[141 136];[117 137];[134 137];[ 95 177];[122 178];[115 217];[136 218];
[90 96];[89 92];[89 93];[94 87];[104  87];[104  92];[124  93];[111 104];[143 109];[100 127];[144 136];[121 137];[137 136];[100 177];[123 177];[117 217];[135 216];
[92 99];[91 95];[91 96];[95 90];[106  89];[105  94];[127  94];[110 105];[147 109];[100 129];[147 135];[123 140];[139 139];[103 177];[124 177];[120 217];[135 216];
[92 99];[91 95];[91 96];[95 90];[106  89];[105  94];[127  94];[110 105];[147 109];[100 129];[147 134];[123 140];[139 139];[103 177];[124 177];[120 217];[135 216];
[100  99];[99 95];[99 96];[104  90];[115  90];[110  94];[132  95];[110 107];[155 109];[104 133];[152 133];[128 138];[144 139];[112 173];[131 177];[128 215];[132 218];
[100  98];[99 94];[100  95];[103  90];[116  90];[108  97];[131  95];[106 114];[156 109];[101 136];[152 135];[124 140];[139 139];[115 175];[128 177];[130 216];[132 217];
[100 101];[99 97];[99 98];[104  91];[115  90];[109  96];[134  95];[105 109];[157 107];[103 132];[153 129];[120 141];[137 141];[118 178];[131 178];[128 215];[133 214];
[109  94];[109  91];[109  91];[111  88];[126  87];[112  94];[142  95];[106 108];[159 109];[103 133];[153 132];[119 141];[138 142];[121 180];[133 179];[129 216];[134 215];
[109  94];[109  91];[109  91];[111  88];[126  87];[112  94];[142  95];[106 108];[159 109];[103 133];[153 132];[119 141];[138 142];[121 180];[133 179];[129 216];[133 215];
[109  94];[109  91];[111  91];[111  89];[127  88];[111  95];[141  95];[106 109];[161 108];[104 133];[156 132];[122 142];[140 142];[124 182];[135 180];[136 219];[137 218];
[113  94];[112  91];[114  92];[113  89];[128  88];[112  95];[141  95];[106 109];[165 108];[105 133];[158 132];[123 142];[141 142];[127 181];[137 177];[137 220];[145 212];
[119  95];[119  92];[120  92];[117  90];[131  89];[113  97];[143  97];[101 111];[168 108];[104 133];[163 131];[122 144];[141 143];[125 182];[140 180];[135 219];[148 214];
[121  94];[120  92];[122  92];[118  90];[134  89];[114  97];[145  96];[ 98 111];[169 108];[103 135];[165 131];[122 144];[142 143];[123 182];[140 180];[129 219];[149 215];
[121  94];[120  92];[122  92];[118  90];[134  89];[114  97];[145  96];[ 98 111];[169 108];[103 135];[165 131];[122 144];[142 143];[123 182];[140 180];[129 219];[149 215];
[123  92];[122  90];[125  90];[120  89];[137  89];[114  98];[146  98];[ 96 112];[169 108];[101 135];[166 130];[121 145];[142 145];[122 182];[143 180];[126 218];[158 210];
[127  90];[128  87];[126  87];[128  86];[126  87];[145  96];[115  96];[165 106];[ 96 109];[169 129];[ 99 135];[142 146];[122 146];[147 181];[123 182];[163 214];[127 216];
[127  93];[129  90];[126  90];[133  89];[123  89];[147  96];[111  96];[165 106];[ 90 110];[163 128];[ 98 134];[144 145];[119 147];[154 180];[119 183];[167 216];[131 215];
[136  90];[139  88];[135  87];[140  87];[127  89];[146  96];[112  97];[160 106];[ 90 110];[160 128];[ 97 134];[143 145];[121 146];[150 178];[116 179];[166 214];[133 210];
[136  90];[138  88];[134  87];[140  87];[127  89];[146  96];[112  97];[160 106];[ 90 110];[160 128];[ 97 134];[143 145];[121 146];[150 178];[116 179];[166 214];[133 210];
[127  93];[130  91];[125  91];[134  90];[121  90];[143  96];[110  98];[157 105];[ 89 111];[158 127];[ 95 132];[142 143];[119 145];[145 177];[113 178];[156 214];[135 211];
[128  94];[131  92];[126  92];[136  92];[123  91];[144  99];[113 101];[155 107];[ 88 112];[154 128];[ 96 133];[143 145];[122 147];[147 178];[110 177];[149 216];[135 211];
[137  93];[138  91];[136  91];[136  92];[135  92];[129 103];[120 104];[ 92 111];[ 89 114];[ 97 130];[ 95 134];[142 147];[125 148];[141 180];[111 178];[136 219];[134 212];
[134  93];[135  91];[133  90];[132  90];[127  90];[140 101];[114 103];[149 102];[ 89 114];[144  96];[ 93 133];[141 146];[122 147];[141 179];[112 178];[134 213];[133 208];
[134  93];[135  91];[132  90];[132  90];[127  90];[140 101];[114 103];[149 103];[ 89 114];[144  96];[ 93 133];[141 146];[122 147];[141 178];[112 178];[134 213];[133 208];
[142  91];[143  88];[139  88];[142  90];[133  90];[146 104];[120 104];[140 117];[ 92 114];[135 138];[ 97 135];[144 147];[125 147];[139 180];[115 178];[134 212];[129 210];
[145  96];[144  93];[145  93];[131  92];[143  92];[119 102];[147 101];[ 94 116];[154 122];[100 136];[159 145];[122 147];[140 147];[130 181];[139 182];[134 214];[127 218];
[145  94];[144  91];[144  91];[131  91];[143  92];[121 103];[148 104];[ 97 116];[157 125];[105 137];[160 146];[123 148];[141 148];[129 182];[141 183];[132 216];[127 217];
[145  94];[144  91];[144  91];[131  91];[143  92];[121 103];[148 104];[ 97 116];[157 125];[105 137];[160 146];[123 148];[141 148];[129 182];[141 183];[132 216];[127 217];
[152 100];[153  96];[151  96];[140  93];[147  93];[127 101];[141 101];[106 119];[125 114];[111 138];[119 137];[125 146];[134 146];[136 182];[144 179];[132 216];[133 214];
[154 100];[154  96];[153  96];[142  93];[148  93];[131 101];[137  99];[105 116];[116 111];[105 134];[112 134];[129 146];[131 146];[142 181];[145 178];[133 217];[131 217];
[157  99];[158  97];[157  96];[151  94];[151  93];[148 106];[135 100];[147 128];[110 112];[153 144];[110 134];[137 146];[126 145];[153 179];[141 179];[140 215];[130 219];
[158 100];[159  97];[157  95];[151  94];[150  91];[146 104];[134  99];[142 126];[110 111];[147 145];[108 136];[136 145];[125 144];[154 177];[142 178];[143 216];[133 218];
[158 100];[159  97];[158  95];[151  94];[150  91];[146 104];[134  99];[142 126];[110 111];[147 145];[108 136];[136 145];[125 144];[154 177];[142 178];[144 216];[133 219];
[160  99];[161  96];[160  95];[152  93];[151  90];[146 103];[134  97];[144 126];[110 111];[152 146];[108 136];[136 144];[125 143];[156 176];[143 177];[146 216];[135 218];
[159  98];[160  95];[159  94];[153  92];[153  89];[147  99];[135  94];[143 122];[111 109];[147 142];[109 136];[136 141];[124 141];[158 171];[141 175];[154 216];[135 219];
[163  95];[164  92];[163  91];[153  88];[158  86];[145  97];[140  91];[150 126];[113 106];[162 149];[112 132];[128 143];[132 141];[144 177];[169 165];[137 219];[164 214];
[162  94];[163  92];[162  90];[155  87];[158  84];[143  96];[139  89];[138 108];[116 104];[142 105];[112 125];[127 141];[134 139];[144 179];[172 163];[136 220];[166 211];
[162  94];[163  92];[162  90];[155  87];[158  84];[143  96];[139  89];[138 108];[116 104];[142 105];[112 125];[128 141];[134 139];[144 179];[172 163];[136 220];[166 211];
[163  92];[164  90];[163  88];[158  87];[157  82];[145  94];[141  87];[145 111];[114 102];[153 113];[114 128];[131 140];[137 138];[146 178];[174 161];[137 219];[169 209];
[162  93];[164  90];[163  88];[157  85];[157  82];[143  92];[141  86];[138 106];[114  99];[147 114];[115 124];[133 139];[140 137];[147 177];[176 161];[137 218];[169 209];
[162  90];[164  87];[163  85];[157  83];[156  79];[144  91];[142  84];[138 109];[113  97];[147 118];[118 123];[138 138];[145 136];[146 177];[179 162];[136 218];[169 212];
[164  86];[165  83];[165  81];[153  78];[158  76];[145  87];[142  82];[134 104];[112  96];[137 119];[122 121];[144 137];[149 136];[151 178];[181 164];[139 220];[164 213];
[164  86];[165  83];[165  81];[153  78];[158  76];[145  87];[142  82];[134 104];[112  96];[137 119];[122 121];[144 137];[149 136];[151 178];[181 164];[139 220];[164 213];
[166  80];[168  78];[165  75];[163  78];[154  72];[153  92];[141  81];[154 116];[110  95];[160 130];[123 119];[151 137];[150 134];[153 178];[182 165];[142 221];[163 213];
[167  78];[169  75];[166  73];[163  75];[156  69];[153  88];[141  79];[155 113];[111  94];[163 131];[124 117];[152 136];[151 134];[156 176];[182 165];[146 220];[163 212];
[169  75];[170  72];[167  71];[165  72];[157  68];[161  84];[141  78];[164 109];[110  94];[174 128];[123 117];[155 135];[149 134];[158 175];[183 164];[149 220];[164 212];
[169  75];[170  72];[167  71];[165  72];[157  68];[161  84];[141  78];[164 109];[110  94];[174 128];[123 117];[155 135];[149 134];[158 175];[183 164];[149 220];[164 212];
[166  66];[169  64];[163  62];[168  68];[153  62];[161  83];[140  76];[164 108];[110  93];[172 129];[123 117];[162 132];[153 131];[167 172];[185 163];[157 215];[163 212];
[166  65];[168  63];[162  61];[168  68];[152  61];[162  87];[138  75];[168 114];[110  93];[177 131];[121 116];[163 129];[151 127];[173 170];[182 162];[161 216];[161 212];
[165  65];[168  63];[162  61];[169  66];[152  60];[162  85];[138  75];[168 113];[110  93];[178 129];[123 117];[166 129];[151 128];[183 167];[178 164];[177 216];[156 213];
[165  64];[167  62];[162  60];[168  65];[153  60];[165  84];[138  74];[171 112];[111  93];[179 126];[123 118];[168 128];[151 127];[184 167];[174 164];[183 217];[155 213];
[165  64];[167  62];[162  60];[168  65];[153  60];[165  84];[138  74];[171 112];[111  93];[179 126];[123 118];[168 128];[151 127];[184 167];[174 164];[183 217];[155 213];
[163  59];[166  56];[158  55];[170  60];[150  57];[172  82];[138  73];[176 110];[113  94];[183 125];[124 119];[173 128];[149 127];[191 165];[171 163];[197 216];[152 214];
[162  58];[166  55];[158  55];[170  59];[149  57];[175  81];[137  74];[179 109];[115  95];[189 126];[125 118];[175 127];[149 126];[193 163];[166 162];[199 213];[152 214];
[160  57];[163  54];[155  54];[168  58];[147  58];[176  79];[136  75];[183 104];[117  94];[190 124];[125 119];[174 127];[148 127];[193 163];[162 164];[200 213];[147 215];
[159  57];[162  54];[154  54];[166  58];[145  58];[176  78];[134  76];[185 102];[117  95];[193 121];[124 119];[174 127];[146 128];[194 160];[159 163];[198 212];[143 216];
[159  57];[162  53];[154  54];[166  58];[145  58];[176  78];[134  76];[185 102];[117  95];[193 121];[124 119];[174 127];[146 128];[194 160];[159 163];[198 212];[143 216];
[161  61];[163  57];[157  57];[165  58];[147  58];[178  77];[133  75];[189 101];[120  97];[196 121];[125 119];[175 127];[146 128];[196 158];[154 163];[197 211];[140 216];
[155  56];[159  52];[151  53];[166  56];[144  57];[181  75];[134  75];[193  99];[123  98];[199 119];[129 121];[176 125];[146 126];[198 156];[151 163];[197 208];[137 216];
[156  52];[159  48];[150  49];[166  52];[144  54];[183  70];[136  75];[201  94];[128 103];[204 111];[129 121];[179 122];[148 124];[204 152];[146 163];[196 206];[136 215];
[154  51];[157  47];[149  48];[164  51];[143  53];[182  68];[137  75];[203  91];[131  98];[205 109];[130 115];[179 121];[149 123];[205 151];[146 163];[196 204];[142 216];
[154  51];[157  47];[149  48];[164  51];[143  53];[182  67];[137  75];[203  91];[131  99];[205 109];[130 115];[179 121];[149 123];[205 151];[146 163];[196 204];[142 216];
[144  52];[148  48];[141  49];[157  50];[141  52];[179  64];[137  74];[205  85];[131  99];[205 106];[131 100];[178 120];[148 124];[204 149];[148 167];[195 203];[150 216];
[143  52];[147  48];[140  49];[156  49];[139  52];[177  61];[139  72];[207  81];[136  98];[206 102];[140 112];[177 120];[148 124];[203 149];[150 170];[194 203];[155 218];
[139  49];[142  45];[134  47];[151  47];[134  52];[171  58];[136  75];[206  76];[136  95];[203  95];[139  93];[174 117];[147 124];[194 150];[154 170];[191 206];[169 213];
[133  48];[137  44];[130  46];[149  47];[133  52];[168  56];[135  76];[204  74];[136 103];[196  91];[137 114];[173 118];[146 126];[189 151];[154 172];[189 206];[176 207];
[133  48];[137  44];[130  46];[149  47];[133  52];[168  56];[135  76];[204  74];[136 104];[195  91];[136 117];[173 118];[147 126];[189 151];[154 172];[189 206];[177 207];
[131  59];[132  55];[128  56];[140  51];[133  55];[162  55];[139  72];[199  69];[141 100];[181  93];[137 104];[168 117];[150 123];[170 153];[167 165];[181 208];[191 211];
[131  59];[132  55];[128  56];[140  51];[133  55];[162  55];[139  72];[199  69];[141 100];[181  93];[137 104];[168 117];[150 123];[170 153];[167 165];[181 208];[191 211];
[131  63];[131  57];[128  60];[137  50];[139  56];[154  58];[163  65];[152  51];[185  89];[141  47];[194 120];[165 116];[174 119];[147 156];[182 169];[174 213];[215 216];
[131  63];[131  57];[128  60];[137  50];[139  56];[154  58];[163  65];[152  51];[185  89];[142  47];[194 120];[165 116];[174 119];[147 156];[182 169];[174 213];[215 216];
[124  59];[123  53];[121  56];[131  48];[133  53];[147  56];[154  62];[171  65];[184  87];[169  79];[195 119];[162 115];[171 118];[136 156];[184 169];[172 213];[221 217];
[127  59];[128  54];[126  56];[137  49];[142  55];[148  59];[162  65];[143  56];[183  88];[126  54];[196 119];[158 119];[172 120];[131 157];[186 168];[167 207];[221 214];
[127  61];[128  56];[126  57];[138  49];[144  55];[142  59];[166  68];[148  66];[186  90];[139  98];[197 120];[155 120];[175 122];[125 157];[187 170];[166 209];[225 216];
[127  61];[129  57];[127  58];[137  51];[147  55];[138  58];[166  66];[142  68];[187  90];[134  99];[200 120];[153 119];[176 120];[119 157];[188 170];[161 208];[223 218];
[127  62];[129  57];[127  58];[137  51];[147  55];[138  58];[166  66];[142  68];[187  90];[134  99];[200 120];[153 119];[176 121];[119 157];[188 170];[161 208];[223 218];
[129  62];[130  58];[129  58];[135  53];[150  54];[139  59];[172  64];[136  67];[190  87];[129 100];[202 118];[153 119];[180 120];[113 158];[191 169];[159 208];[219 218];
[131  59];[132  55];[132  55];[136  53];[153  53];[138  60];[174  63];[133  66];[191  84];[124  98];[203 116];[153 120];[181 120];[115 160];[191 168];[159 209];[218 218];
[134  62];[134  58];[135  58];[137  55];[156  55];[138  58];[177  62];[124  63];[192  85];[120  99];[204 118];[152 119];[182 118];[116 160];[191 165];[158 208];[216 218];
[136  61];[135  57];[137  57];[135  55];[155  54];[136  58];[175  61];[120  64];[190  82];[116 100];[202 115];[153 119];[182 118];[118 160];[191 165];[157 208];[214 218];
[136  61];[135  57];[137  57];[135  55];[155  54];[135  58];[175  61];[120  64];[190  82];[116 100];[202 115];[153 119];[182 118];[118 160];[191 165];[157 208];[213 217];
[138  60];[137  56];[139  56];[137  54];[157  54];[136  57];[175  59];[116  64];[187  77];[113  98];[200 111];[153 118];[183 117];[122 161];[194 166];[158 208];[212 218];
[145  59];[143  57];[147  56];[137  54];[158  53];[130  60];[170  59];[106  70];[182  76];[105 101];[196 109];[150 119];[179 117];[127 164];[193 163];[158 213];[210 217];
[149  60];[147  58];[150  57];[138  55];[159  53];[129  60];[170  57];[104  72];[182  76];[104 103];[196 109];[149 121];[177 118];[134 168];[195 164];[163 217];[211 218];
[156  56];[154  53];[157  53];[143  51];[161  50];[128  58];[169  57];[103  75];[182  77];[105 104];[197 107];[144 119];[173 116];[143 169];[201 161];[166 221];[214 218];
[156  56];[154  53];[157  53];[143  51];[161  50];[128  58];[169  57];[103  75];[182  77];[105 104];[197 107];[144 119];[173 116];[143 169];[201 161];[166 221];[213 218];
[163  58];[161  55];[164  55];[148  53];[165  51];[131  60];[174  55];[102  74];[183  71];[105 104];[197 106];[147 119];[177 115];[147 167];[205 161];[169 220];[216 217];
[167  56];[165  54];[168  53];[150  52];[169  50];[134  61];[175  57];[105  76];[183  74];[107 105];[197 107];[145 120];[175 116];[150 168];[210 157];[166 221];[217 213];
[190  70];[190  67];[191  66];[169  55];[184  56];[139  59];[182  55];[108  78];[184  73];[113 109];[195 106];[144 118];[176 114];[151 168];[225 152];[162 224];[219 211];
[190  63];[188  60];[191  59];[164  53];[184  53];[141  61];[185  55];[111  79];[187  68];[119 110];[196 104];[147 119];[180 115];[154 167];[229 150];[158 223];[221 207];
[190  63];[188  60];[191  59];[164  53];[184  53];[141  61];[185  55];[111  80];[187  68];[119 110];[196 104];[147 119];[180 115];[154 167];[229 150];[158 223];[221 207];
[194  66];[194  62];[195  62];[170  51];[186  52];[144  62];[184  55];[115  82];[188  69];[123 109];[195 102];[153 119];[184 114];[159 166];[231 151];[160 221];[223 204];
[201  62];[198  58];[202  58];[170  50];[193  49];[151  62];[195  48];[122  84];[195  63];[136 113];[201  98];[162 119];[194 113];[168 168];[236 152];[165 223];[229 205];
[200  58];[197  54];[202  54];[173  50];[195  48];[153  61];[197  47];[126  86];[197  58];[143 112];[204  95];[166 117];[197 111];[175 166];[239 152];[169 223];[230 208];
[200  58];[197  54];[201  54];[173  50];[195  47];[153  61];[197  47];[126  86];[197  58];[143 112];[204  95];[166 117];[197 111];[175 166];[239 152];[169 223];[230 208];
[198  55];[195  52];[199  52];[174  50];[197  46];[159  63];[200  47];[131  88];[204  58];[150 112];[209  95];[170 119];[201 113];[182 165];[242 152];[174 222];[231 207];
[197  53];[193  50];[198  50];[175  49];[196  44];[160  65];[201  46];[133  90];[206  56];[155 112];[212  92];[176 120];[206 113];[186 167];[243 153];[177 222];[233 208];
[199  52];[196  49];[200  49];[178  48];[197  43];[163  65];[201  46];[135  91];[207  56];[157 113];[214  92];[178 120];[206 113];[193 167];[244 153];[184 223];[234 207];
[207  57];[204  53];[208  53];[181  51];[202  47];[163  66];[201  48];[136  92];[206  58];[159 111];[218  94];[180 120];[208 113];[197 167];[246 154];[187 223];[230 210];
[206  57];[204  53];[208  53];[181  51];[202  46];[163  66];[201  48];[137  92];[206  58];[159 111];[218  94];[181 120];[208 113];[197 167];[246 154];[187 223];[230 210];
[207  57];[204  54];[208  53];[182  49];[201  45];[165  66];[200  49];[142  94];[204  60];[163 111];[219  95];[182 120];[207 114];[203 166];[245 155];[192 221];[230 207];
[204  57];[201  54];[205  53];[180  50];[199  46];[165  65];[196  47];[145  96];[202  62];[166 113];[218  95];[181 119];[206 114];[204 165];[243 158];[192 222];[224 212];
[200  56];[198  52];[201  52];[176  50];[193  47];[161  66];[189  53];[146  97];[198  65];[163 112];[217  95];[180 119];[202 115];[203 164];[236 156];[194 220];[219 212];
[200  57];[198  53];[200  53];[174  49];[192  47];[159  65];[187  53];[148  97];[195  68];[165 114];[216  96];[177 119];[199 115];[202 163];[232 157];[194 219];[216 214];
[200  57];[198  53];[200  53];[174  49];[192  47];[159  65];[187  53];[148  97];[195  67];[165 114];[216  96];[177 119];[199 115];[202 163];[232 157];[194 219];[216 214];
[197  60];[195  56];[197  55];[173  52];[188  50];[156  69];[180  58];[149  99];[188  70];[170 114];[210  95];[175 119];[194 115];[205 160];[229 158];[198 216];[212 214];
[198  60];[197  56];[197  55];[180  50];[189  48];[162  68];[179  56];[152  95];[186  73];[182 104];[211  97];[181 118];[191 114];[221 159];[226 158];[221 211];[209 214];
[198  59];[198  55];[197  55];[185  51];[188  48];[179  64];[174  56];[194  91];[185  76];[212 103];[210  99];[192 117];[186 117];[229 159];[222 157];[224 209];[208 215];
[196  58];[196  55];[196  54];[184  50];[187  47];[174  64];[172  57];[189  93];[186  81];[208 102];[207  98];[188 119];[184 119];[228 158];[222 157];[221 211];[210 213];
[196  58];[196  55];[195  54];[184  50];[187  47];[174  64];[172  57];[189  93];[187  81];[208 102];[207  98];[188 119];[184 119];[228 158];[222 157];[221 211];[210 213];
[195  57];[195  53];[195  52];[180  49];[188  47];[176  63];[175  55];[185  91];[169  73];[206 105];[198  97];[179 120];[186 118];[205 161];[230 154];[188 215];[218 208];
[193  58];[193  54];[192  53];[183  53];[185  49];[180  67];[172  55];[188 100];[162  75];[208 116];[190  99];[180 119];[180 117];[207 159];[221 156];[186 211];[206 209];
[191  58];[191  54];[190  53];[179  51];[183  48];[183  65];[167  54];[189  97];[159  77];[205 114];[185 100];[191 119];[174 119];[225 158];[187 161];[208 209];[163 214];
[190  56];[190  52];[189  51];[180  50];[181  46];[179  64];[165  53];[186  98];[153  79];[204 114];[181 104];[189 121];[171 121];[223 159];[179 164];[206 211];[146 216];
[190  56];[190  52];[189  51];[180  50];[181  46];[179  64];[165  53];[186  98];[152  79];[204 114];[181 104];[189 121];[171 121];[223 159];[179 164];[206 211];[146 216];
[186  50];[188  47];[183  46];[186  50];[170  45];[178  68];[155  58];[185  98];[141  83];[199 113];[165 108];[184 123];[162 122];[217 159];[164 166];[198 210];[130 217];
