[128 117];[138 106];[117 107];[153 114];[105 116];[167 185];[ 90 185];[193 243];[ 66 246];[234 253];[ 55 257];[162 261];[110 263];[185 247];[123 248];[177 248];[123 251];
[128 116];[138 106];[118 106];[153 114];[106 115];[168 185];[ 90 185];[190 246];[ 67 245];[226 255];[ 55 255];[162 261];[110 263];[181 247];[119 247];[173 248];[122 252];
[128 117];[138 105];[118 107];[152 113];[106 116];[168 185];[ 90 185];[194 243];[ 66 247];[235 253];[ 56 258];[163 261];[111 263];[185 247];[124 247];[177 248];[125 251];
[128 116];[138 106];[118 106];[153 114];[106 116];[167 185];[ 90 185];[193 243];[ 66 247];[231 252];[ 56 256];[163 261];[111 263];[185 247];[123 248];[177 247];[124 251];
[128 116];[138 105];[118 106];[152 113];[106 116];[168 185];[ 90 185];[188 246];[ 66 245];[224 253];[ 53 256];[161 261];[109 263];[180 246];[119 247];[172 247];[121 251];
[128 116];[138 105];[118 106];[152 113];[106 115];[167 185];[ 90 184];[191 244];[ 69 241];[228 254];[ 56 254];[162 261];[111 262];[180 247];[117 248];[174 247];[121 252];
[128 116];[138 105];[118 106];[153 113];[106 115];[168 185];[ 90 184];[192 245];[ 67 243];[227 253];[ 54 257];[161 261];[109 263];[180 246];[118 247];[173 247];[121 252];
[128 115];[138 104];[119 105];[154 112];[107 114];[168 185];[ 91 185];[188 248];[ 65 246];[217 256];[ 58 257];[161 262];[109 263];[176 245];[118 247];[169 248];[121 252];
[129 115];[138 104];[119 105];[153 112];[107 114];[168 185];[ 90 186];[189 247];[ 66 245];[221 255];[ 60 257];[161 261];[110 263];[178 245];[119 247];[170 247];[123 251];
[129 114];[139 103];[119 104];[154 112];[107 114];[168 185];[ 90 186];[194 244];[ 65 247];[233 253];[ 63 257];[163 261];[111 264];[184 246];[125 248];[177 247];[126 251];
[130 113];[140 103];[120 104];[154 112];[107 114];[167 185];[ 90 185];[195 244];[ 66 244];[234 253];[ 63 256];[161 261];[109 263];[183 247];[123 248];[176 247];[126 250];
[130 114];[140 103];[120 104];[154 112];[107 114];[168 184];[ 90 186];[192 245];[ 66 248];[232 253];[ 62 257];[163 261];[111 264];[184 246];[126 248];[175 247];[127 251];
[130 115];[139 104];[119 105];[154 113];[107 114];[166 185];[ 90 185];[195 244];[ 67 247];[237 252];[ 63 256];[162 261];[111 263];[186 247];[128 248];[179 247];[129 251];
[130 115];[140 104];[119 105];[154 113];[106 114];[167 185];[ 90 186];[191 247];[ 67 250];[229 254];[ 72 257];[162 261];[111 263];[182 245];[127 247];[174 247];[128 251];
[129 115];[139 105];[119 105];[153 113];[106 115];[166 185];[ 90 186];[192 245];[ 70 252];[233 252];[ 79 258];[163 261];[113 263];[187 246];[132 247];[179 247];[130 250];
[130 115];[139 105];[120 105];[154 113];[107 115];[167 185];[ 91 187];[192 245];[ 73 252];[231 252];[ 88 259];[164 260];[114 263];[188 245];[133 246];[180 247];[132 250];
[130 116];[139 105];[119 105];[154 113];[107 115];[166 185];[ 91 187];[194 243];[ 73 252];[237 252];[ 80 259];[164 260];[114 263];[188 246];[134 247];[181 247];[132 251];
[130 116];[140 105];[120 106];[154 114];[106 116];[167 184];[ 91 188];[191 245];[ 76 253];[230 252];[ 91 258];[165 260];[115 263];[188 245];[134 246];[180 247];[132 250];
[130 115];[140 105];[120 106];[154 114];[107 115];[166 184];[ 91 188];[193 243];[ 76 253];[234 252];[ 86 259];[165 260];[116 264];[190 246];[135 247];[184 247];[133 251];
[130 115];[140 105];[120 105];[154 114];[107 115];[167 185];[ 91 188];[191 245];[ 77 253];[230 253];[ 89 258];[164 260];[115 263];[186 245];[131 246];[180 247];[131 251];
[130 115];[140 105];[120 106];[153 114];[107 115];[166 184];[ 91 188];[192 243];[ 77 253];[235 252];[ 86 259];[165 260];[116 264];[189 246];[134 247];[183 247];[132 251];
[130 114];[140 104];[120 105];[154 112];[107 114];[167 184];[ 91 188];[191 246];[ 77 253];[229 253];[ 87 258];[164 260];[115 263];[185 245];[131 246];[179 247];[130 251];
[130 114];[140 104];[120 104];[154 113];[107 114];[167 184];[ 91 188];[188 248];[ 76 253];[220 254];[ 84 258];[163 260];[113 263];[181 244];[127 245];[174 247];[127 250];
[130 114];[140 103];[120 104];[154 113];[107 114];[167 184];[ 91 188];[190 245];[ 75 253];[230 253];[ 84 259];[165 260];[115 264];[186 245];[131 246];[179 247];[130 251];
[130 114];[140 104];[120 104];[154 114];[107 114];[168 185];[ 91 187];[188 247];[ 74 251];[223 253];[ 76 258];[163 261];[112 263];[182 245];[126 246];[174 247];[126 251];
[130 113];[140 103];[120 104];[154 113];[107 114];[167 185];[ 91 187];[191 246];[ 74 251];[230 254];[ 73 257];[164 261];[113 263];[184 245];[129 246];[176 247];[129 251];
[131 113];[140 103];[120 104];[154 112];[107 114];[167 184];[ 91 187];[189 246];[ 73 251];[224 252];[ 77 258];[164 261];[113 263];[185 245];[130 246];[177 247];[129 251];
[131 113];[140 103];[120 104];[154 113];[107 114];[167 185];[ 90 187];[193 244];[ 71 251];[234 252];[ 71 256];[164 261];[113 264];[187 246];[131 247];[179 247];[130 251];
[131 113];[140 103];[120 104];[154 112];[107 114];[167 184];[ 91 186];[188 246];[ 69 250];[225 253];[ 71 254];[162 261];[112 263];[182 246];[127 247];[174 247];[127 251];
[131 112];[140 102];[121 103];[153 111];[107 113];[166 183];[ 90 186];[195 242];[ 69 250];[239 252];[ 75 256];[164 261];[114 264];[188 247];[132 248];[180 248];[131 251];
[131 112];[140 102];[121 103];[154 112];[107 114];[167 185];[ 90 186];[193 245];[ 66 249];[231 252];[ 72 254];[162 261];[110 263];[183 246];[126 247];[175 247];[126 251];
[130 112];[140 102];[120 103];[153 112];[107 113];[167 185];[ 90 186];[190 247];[ 65 249];[228 253];[ 65 255];[161 261];[110 263];[181 245];[125 247];[172 247];[125 251];
[131 112];[140 102];[120 103];[154 112];[107 114];[166 184];[ 90 185];[188 247];[ 63 250];[220 253];[105 251];[161 261];[110 263];[179 245];[127 246];[169 247];[125 249];
[130 112];[140 102];[120 103];[153 112];[107 113];[165 183];[ 90 184];[190 245];[ 64 251];[226 251];[121 228];[164 262];[114 265];[186 244];[132 244];[175 246];[128 248];
[130 112];[140 102];[120 103];[153 112];[107 114];[166 183];[ 90 185];[191 245];[ 70 253];[229 252];[125 200];[167 265];[117 268];[192 246];[144 245];[177 246];[135 248];
[130 112];[140 103];[120 103];[154 117];[107 116];[167 185];[ 89 185];[187 249];[ 70 250];[213 253];[117 182];[165 264];[114 266];[185 245];[137 244];[169 246];[132 248];
[130 110];[138  99];[119 101];[152 109];[107 114];[165 184];[ 90 187];[191 245];[ 70 248];[234 253];[115 158];[166 264];[117 268];[190 245];[144 244];[173 243];[134 247];
[129 110];[140 100];[118  99];[153 112];[104 110];[164 183];[ 92 184];[193 244];[ 69 251];[235 252];[ 89 176];[170 262];[122 265];[188 245];[141 247];[180 243];[134 248];
[131 111];[140 101];[120 102];[153 110];[106 111];[165 183];[ 91 183];[190 245];[ 67 246];[229 253];[ 89 149];[165 262];[115 266];[191 245];[139 246];[178 242];[132 247];
[131 111];[139 100];[119 102];[153 110];[105 112];[166 185];[ 85 184];[192 246];[ 67 246];[229 254];[ 78 148];[165 263];[111 266];[191 244];[135 242];[179 238];[128 241];
[131 111];[140 101];[120 102];[153 111];[107 114];[168 184];[ 91 183];[185 249];[ 73 250];[211 253];[ 69 172];[167 263];[116 265];[187 244];[134 243];[176 245];[131 248];
[131 111];[140 101];[121 103];[154 110];[108 114];[167 182];[ 94 181];[191 243];[ 79 248];[229 252];[ 67 171];[169 262];[120 264];[196 247];[144 245];[185 245];[139 249];
[132 111];[140 100];[121 102];[154 111];[108 115];[167 183];[ 94 181];[194 242];[ 82 249];[231 251];[ 67 197];[171 261];[122 263];[197 247];[144 244];[187 246];[139 249];
[132 111];[140 101];[121 103];[154 111];[109 115];[167 183];[ 94 182];[191 245];[ 82 249];[233 252];[ 69 201];[169 261];[120 263];[194 246];[142 243];[184 247];[138 250];
[132 111];[141 101];[121 103];[154 111];[108 116];[167 183];[ 93 183];[196 244];[ 85 251];[236 252];[ 92 227];[169 260];[121 262];[197 245];[145 242];[188 246];[140 248];
[132 111];[141 101];[121 103];[154 112];[108 115];[167 183];[ 93 183];[191 246];[ 79 247];[228 253];[ 62 175];[169 261];[119 263];[193 245];[139 241];[183 246];[135 249];
[132 111];[141 101];[122 103];[154 112];[109 115];[168 184];[ 93 182];[191 248];[ 76 242];[225 254];[ 60 126];[167 260];[117 262];[191 243];[134 239];[181 245];[131 248];
[132 110];[141 101];[121 102];[154 112];[109 114];[169 183];[ 92 183];[190 249];[ 83 250];[216 257];[ 80 227];[169 260];[119 262];[187 244];[135 241];[177 247];[133 250];
[132 110];[141 101];[121 102];[155 112];[108 114];[168 182];[ 93 182];[194 245];[ 76 248];[230 254];[ 55 186];[172 261];[122 263];[195 245];[138 242];[183 246];[137 249];
[131 110];[141 101];[121 102];[155 112];[108 114];[168 182];[ 92 182];[197 245];[ 78 245];[238 252];[ 57 151];[167 261];[116 263];[193 244];[134 241];[184 246];[132 249];
[131 110];[141 101];[121 102];[155 116];[109 116];[173 182];[ 92 182];[201 246];[ 76 243];[235 251];[ 58 132];[173 259];[118 262];[198 243];[133 241];[186 244];[132 248];
[132 109];[141 100];[121 101];[154 111];[109 114];[173 181];[ 92 182];[192 250];[ 83 248];[205 202];[ 89 200];[165 261];[112 262];[181 239];[125 238];[172 241];[126 244];
[131 110];[141 101];[121 102];[154 113];[109 115];[175 181];[ 92 181];[195 244];[ 71 243];[202 146];[ 59 125];[165 263];[107 264];[176 242];[111 241];[162 230];[113 236];
[131 110];[141 101];[121 102];[155 114];[109 115];[174 182];[ 92 181];[196 239];[ 74 244];[207 110];[ 58 123];[166 262];[108 262];[181 240];[113 235];[163 222];[113 225];
[131 109];[141 101];[120 101];[155 115];[108 115];[173 182];[ 91 181];[198 237];[ 75 244];[210 101];[ 56 127];[165 260];[108 259];[183 240];[112 234];[164 232];[111 229];
[131 109];[141 101];[121 101];[154 115];[108 115];[173 182];[ 91 181];[198 237];[ 74 250];[209  99];[ 48 181];[165 263];[108 262];[179 242];[111 235];[161 235];[112 230];
[131 109];[141 100];[121 101];[154 115];[108 115];[173 183];[ 91 181];[198 237];[ 74 248];[209 101];[ 47 168];[165 263];[108 262];[179 242];[112 236];[162 237];[112 232];
[131 109];[141 101];[121 101];[154 115];[108 115];[173 183];[ 90 181];[198 237];[ 72 247];[209 101];[ 48 142];[164 262];[107 261];[179 241];[111 234];[161 234];[110 229];
[131 109];[141 101];[121 101];[154 116];[108 115];[173 183];[ 91 181];[199 238];[ 66 243];[209 101];[ 55 120];[165 264];[106 263];[183 243];[113 239];[164 232];[113 230];
[131 108];[141 100];[120 101];[155 115];[107 116];[174 182];[ 89 183];[204 239];[ 61 242];[205 103];[ 63 109];[165 263];[104 264];[183 243];[113 241];[160 226];[110 228];
[131 109];[140 100];[120 101];[155 113];[107 114];[176 183];[ 87 181];[213 238];[ 52 236];[201 104];[70 96];[166 264];[103 264];[186 242];[117 243];[162 226];[113 232];
[132 109];[141 100];[122 101];[153 112];[107 115];[175 179];[ 88 178];[222 234];[ 47 223];[191 105];[75 86];[165 265];[103 265];[164 238];[ 95 236];[161 240];[110 240];
[131 109];[141 100];[120 101];[157 111];[106 114];[177 181];[ 89 179];[228 226];[ 44 195];[179 118];[86 80];[164 265];[102 266];[184 233];[102 238];[169 231];[112 234];
[120 111];[132 100];[111 102];[154 108];[ 99 113];[176 177];[ 90 176];[228 216];[ 40 176];[161 135];[97 84];[158 268];[ 98 268];[165 226];[ 84 228];[147 234];[ 96 236];
[134 115];[143 106];[123 107];[155 113];[106 116];[173 171];[ 87 169];[229 204];[ 42 165];[156 166];[102  99];[162 261];[101 261];[172 235];[101 236];[168 251];[110 254];
[128 104];[139  94];[118  95];[156 105];[106 107];[171 174];[ 93 171];[228 195];[ 44 157];[153 175];[109 111];[165 262];[107 262];[176 232];[107 233];[178 247];[116 251];
[133 109];[141 100];[122 102];[154 109];[107 113];[176 172];[ 93 170];[228 195];[ 40 155];[150 182];[117 133];[162 267];[105 268];[177 225];[101 229];[153 238];[113 238];
[132 110];[141 101];[122 102];[156 109];[109 112];[180 166];[ 95 161];[228 192];[ 42 156];[149 191];[135 158];[166 264];[106 264];[176 223];[ 94 227];[152 237];[117 238];
[132 109];[142 100];[122 102];[156 109];[109 113];[179 169];[ 92 164];[227 191];[ 41 161];[149 195];[130 161];[163 265];[102 266];[178 220];[ 89 223];[152 237];[110 236];
[132 109];[141 100];[122 101];[156 110];[109 113];[179 172];[ 95 168];[228 192];[ 40 165];[147 197];[129 165];[166 266];[106 267];[176 220];[ 92 225];[149 236];[114 235];
[132 108];[141 100];[122 101];[157 111];[109 114];[179 173];[ 91 169];[228 193];[ 39 172];[147 200];[130 168];[164 267];[103 267];[176 221];[ 87 223];[149 236];[112 233];
[131 109];[141 100];[121 101];[156 110];[108 113];[179 173];[ 89 169];[227 194];[ 38 182];[145 204];[126 169];[165 267];[102 268];[178 222];[ 86 226];[148 237];[109 235];
[131 109];[140 100];[121 102];[155 112];[107 115];[179 176];[ 76 174];[225 204];[ 34 192];[133 209];[123 177];[158 268];[ 89 269];[171 226];[ 72 227];[135 236];[ 96 232];
[130 109];[140 101];[120 102];[154 113];[107 115];[180 180];[ 79 179];[222 231];[ 32 238];[135 214];[111 189];[157 267];[ 88 268];[164 237];[ 80 240];[130 241];[ 86 240];
[130 112];[140 102];[120 103];[154 113];[108 115];[171 181];[ 86 181];[207 248];[ 49 248];[190 216];[ 96 204];[163 266];[105 268];[184 242];[113 243];[176 243];[110 244];
[129 112];[138 102];[119 104];[153 111];[108 115];[166 179];[ 89 183];[199 241];[ 61 248];[235 254];[ 80 234];[157 261];[105 264];[180 244];[113 244];[169 247];[108 249];
[128 113];[137 103];[118 104];[153 112];[107 116];[168 181];[ 91 186];[194 245];[ 64 250];[230 255];[ 77 242];[164 262];[112 265];[182 244];[120 246];[173 247];[118 251];
[127 113];[136 103];[117 105];[152 111];[106 116];[168 184];[ 91 186];[188 247];[ 67 246];[217 255];[ 56 255];[160 262];[109 264];[175 245];[116 247];[166 248];[119 251];
[125 114];[135 103];[115 105];[152 111];[106 116];[169 185];[ 91 186];[189 248];[ 65 245];[214 255];[ 52 254];[157 262];[105 263];[155 244];[ 94 246];[133 247];[ 91 251];
[125 113];[134 103];[114 105];[153 110];[105 116];[169 185];[ 89 186];[188 249];[ 60 250];[212 255];[ 51 256];[155 263];[103 264];[155 243];[ 96 244];[132 246];[ 90 250];
[124 114];[134 103];[114 105];[153 111];[105 117];[169 185];[ 89 187];[188 249];[ 59 250];[213 255];[ 48 257];[155 263];[103 264];[156 244];[ 97 245];[133 246];[ 90 250];
[124 114];[134 104];[114 106];[153 111];[105 116];[168 185];[ 90 187];[188 247];[ 60 249];[218 256];[ 51 256];[160 262];[107 265];[175 245];[116 246];[168 247];[118 251];
[124 115];[134 104];[114 106];[152 112];[105 116];[168 185];[ 90 187];[188 248];[ 63 247];[216 257];[ 51 256];[159 262];[108 265];[174 245];[114 247];[167 248];[118 251];
[123 115];[134 104];[113 106];[152 111];[104 116];[168 185];[ 90 187];[189 248];[ 62 249];[219 257];[ 51 256];[160 262];[108 265];[174 244];[115 246];[167 247];[118 251];
[123 115];[134 104];[113 106];[152 112];[104 117];[168 185];[ 90 188];[189 248];[ 61 250];[218 256];[ 54 256];[160 262];[108 265];[176 244];[117 246];[168 247];[120 251];
[124 115];[134 104];[113 106];[152 111];[104 117];[168 186];[ 90 187];[191 248];[ 60 250];[224 256];[ 50 257];[160 262];[108 265];[177 244];[118 246];[169 247];[120 251];
[124 115];[134 104];[114 106];[152 113];[104 118];[169 186];[ 89 187];[190 249];[ 60 250];[212 256];[ 49 256];[156 263];[103 264];[156 244];[ 97 245];[133 246];[ 91 250];
