[102  39];[102  34];[101  35];[95 34];[96 33];[94 54];[81 53];[88 89];[74 89];[ 93 114];[ 89 114];[ 91 121];[ 77 121];[100 175];[ 76 177];[ 94 227];[ 75 232];
[103  36];[104  31];[103  32];[94 33];[99 32];[92 54];[81 52];[88 90];[75 90];[ 96 110];[ 92 112];[ 91 122];[ 78 122];[ 98 178];[ 76 178];[101 234];[ 72 235];
[104  37];[103  33];[103  33];[93 34];[98 33];[94 55];[82 54];[90 91];[78 92];[ 99 109];[ 96 110];[ 93 124];[ 80 124];[ 96 185];[ 76 183];[102 241];[ 72 239];
[104  42];[104  37];[103  37];[95 37];[96 37];[93 58];[81 57];[89 95];[79 94];[100 111];[ 98 110];[ 93 127];[ 80 127];[ 96 186];[ 77 185];[102 241];[ 72 238];
[104  38];[103  34];[103  34];[93 36];[99 36];[97 57];[83 56];[95 92];[80 94];[ 99 114];[ 96 114];[ 94 127];[ 81 126];[ 97 186];[ 80 184];[101 242];[ 72 237];
[104  38];[104  34];[103  34];[94 36];[99 35];[97 57];[83 56];[95 92];[80 94];[ 99 114];[ 96 114];[ 94 126];[ 81 126];[ 97 186];[ 80 184];[101 242];[ 72 237];
[104  38];[104  34];[104  34];[95 35];[100  35];[96 57];[84 56];[93 94];[79 93];[ 98 118];[ 93 118];[ 94 126];[ 81 125];[ 98 185];[ 84 184];[ 99 239];[ 73 234];
[105  38];[106  33];[104  34];[96 35];[101  34];[94 56];[86 56];[89 94];[79 95];[ 92 127];[ 87 129];[ 93 124];[ 85 125];[ 97 184];[ 94 183];[ 91 233];[ 77 221];
[104  40];[105  36];[104  36];[95 37];[101  36];[95 58];[86 58];[92 94];[79 96];[ 95 121];[ 84 132];[ 92 124];[ 85 124];[ 95 184];[ 98 184];[ 90 235];[ 75 217];
[104  43];[104  38];[103  39];[94 40];[101  39];[96 63];[87 62];[92 99];[ 78 101];[101 123];[ 78 140];[ 92 128];[ 85 128];[ 96 185];[106 182];[ 92 239];[ 73 210];
[104  43];[104  39];[103  39];[94 40];[101  39];[96 63];[87 62];[92 99];[ 78 101];[101 123];[ 78 140];[ 92 128];[ 85 128];[ 96 185];[106 182];[ 92 239];[ 73 210];
[105  42];[104  37];[104  37];[92 39];[101  39];[98 62];[85 62];[ 93 100];[ 77 101];[104 121];[ 75 140];[ 94 128];[ 84 129];[ 93 188];[106 176];[ 87 244];[ 77 207];
[106  41];[105  37];[105  37];[93 37];[101  38];[98 60];[86 61];[95 99];[74 99];[109 116];[ 69 135];[ 91 125];[ 83 126];[ 91 184];[108 173];[ 88 240];[ 84 210];
[107  37];[106  33];[106  33];[92 34];[102  34];[97 58];[87 58];[94 95];[74 96];[111 111];[ 68 132];[ 89 125];[ 84 126];[ 86 183];[108 174];[ 87 242];[ 91 227];
[107  36];[106  32];[106  32];[92 33];[102  32];[96 56];[88 56];[94 94];[73 93];[112 106];[ 67 128];[ 88 125];[ 86 125];[ 84 184];[104 179];[ 78 242];[101 239];
[107  36];[106  32];[106  32];[92 33];[102  32];[96 56];[88 56];[94 94];[73 93];[112 106];[ 67 128];[ 88 125];[ 86 125];[ 84 184];[104 179];[ 78 242];[101 239];
[107  36];[105  32];[106  32];[91 33];[103  32];[96 58];[89 57];[95 97];[74 94];[114 103];[ 67 129];[ 89 125];[ 87 126];[ 83 185];[101 183];[ 72 243];[108 243];
[105  40];[104  36];[104  36];[90 37];[103  37];[96 62];[90 62];[ 98 100];[ 75 100];[117  99];[ 67 134];[ 90 131];[ 88 131];[ 81 188];[ 98 188];[ 71 244];[108 244];
[105  43];[104  39];[105  39];[91 40];[102  40];[98 63];[89 63];[ 99 101];[ 76 102];[117  98];[ 68 137];[ 91 131];[ 88 132];[ 81 188];[ 98 188];[ 71 244];[106 244];
[104  45];[104  41];[102  41];[95 40];[97 41];[99 62];[89 63];[ 98 100];[ 78 103];[116 101];[ 73 138];[ 92 131];[ 87 131];[ 85 188];[100 187];[ 71 243];[106 244];
[104  45];[104  41];[102  41];[95 40];[97 41];[99 62];[89 63];[ 98 100];[ 78 103];[116 101];[ 73 137];[ 92 131];[ 87 131];[ 85 188];[100 187];[ 71 243];[106 244];
[104  44];[106  40];[102  40];[103  39];[94 39];[100  62];[88 62];[97 99];[ 80 101];[115 104];[ 78 136];[ 94 129];[ 87 129];[ 91 186];[100 186];[ 73 237];[101 243];
[105  44];[107  39];[102  40];[105  40];[94 38];[97 61];[87 63];[96 96];[ 81 102];[114 110];[ 85 137];[ 95 124];[ 89 126];[102 180];[101 183];[ 80 218];[ 92 236];
[107  45];[108  41];[104  41];[104  41];[96 40];[96 63];[87 65];[ 95 100];[ 84 104];[111 115];[ 92 136];[ 97 128];[ 89 129];[108 179];[102 183];[ 84 212];[ 93 235];
[107  48];[108  43];[104  43];[105  43];[95 42];[97 64];[88 65];[ 95 101];[ 87 105];[108 119];[100 134];[ 98 127];[ 88 129];[117 173];[ 97 191];[ 84 196];[ 93 238];
[107  48];[108  43];[104  43];[105  43];[95 42];[97 64];[88 65];[ 95 101];[ 87 105];[108 118];[100 134];[ 98 127];[ 88 129];[117 173];[ 97 191];[ 84 196];[ 93 238];
[106  47];[107  43];[103  43];[105  42];[95 42];[99 63];[88 63];[98 97];[ 90 101];[106 123];[104 123];[101 128];[ 88 129];[115 173];[ 97 190];[ 87 195];[ 94 246];
[106  42];[107  37];[105  38];[103  38];[98 38];[99 60];[90 60];[97 95];[92 97];[110 117];[110 118];[100 124];[ 88 125];[117 169];[ 92 187];[ 95 206];[ 92 241];
[107  39];[108  34];[105  35];[104  36];[100  35];[100  58];[91 57];[98 93];[93 95];[113 111];[114 113];[100 122];[ 88 124];[116 171];[ 89 183];[102 217];[ 91 238];
[108  34];[108  29];[107  30];[97 31];[103  31];[100  54];[92 54];[98 91];[95 92];[114 105];[117 106];[101 121];[ 89 121];[112 175];[ 89 178];[111 229];[ 87 235];
[108  34];[108  29];[107  30];[97 31];[103  31];[100  54];[92 54];[98 91];[95 92];[114 105];[117 106];[101 121];[ 89 121];[112 175];[ 89 178];[111 229];[ 87 235];
[104  33];[103  28];[103  29];[94 31];[104  31];[100  55];[92 54];[98 91];[97 93];[116 102];[120 103];[102 122];[ 90 123];[110 182];[ 88 181];[117 235];[ 83 235];
[108  38];[107  34];[107  34];[97 34];[103  35];[99 58];[91 58];[101  93];[100  94];[119 101];[123 100];[103 127];[ 91 127];[109 186];[ 88 186];[116 242];[ 83 242];
[106  39];[105  35];[105  35];[96 36];[103  36];[100  59];[92 58];[101  94];[100  94];[119 101];[123 101];[103 129];[ 91 128];[108 188];[ 88 187];[114 244];[ 83 242];
[106  36];[106  32];[104  32];[102  33];[98 34];[103  56];[92 56];[101  91];[97 92];[117 105];[119 107];[103 126];[ 91 126];[108 186];[ 91 185];[109 242];[ 83 238];
[106  36];[106  32];[104  32];[101  33];[99 34];[103  56];[92 56];[101  91];[97 93];[117 105];[119 107];[103 126];[ 91 126];[108 186];[ 91 185];[109 242];[ 83 237];
[108  40];[108  35];[105  36];[105  35];[97 36];[103  57];[91 57];[102  91];[94 91];[116 114];[114 113];[103 124];[ 91 124];[108 185];[ 96 184];[104 239];[ 85 233];
[109  40];[110  36];[107  36];[106  37];[100  36];[101  60];[92 59];[100  95];[93 94];[107 128];[106 128];[ 99 124];[ 93 124];[104 185];[106 184];[ 97 235];[ 88 226];
[109  44];[110  39];[107  39];[104  40];[100  39];[101  63];[92 63];[ 99 100];[ 92 102];[107 122];[ 99 138];[100 129];[ 94 129];[105 185];[110 183];[ 95 234];[ 86 218];
[110  45];[111  41];[106  41];[109  42];[98 41];[102  65];[91 65];[102 102];[ 88 106];[114 122];[ 90 144];[102 129];[ 93 130];[102 188];[115 178];[ 94 242];[ 85 201];
[110  45];[111  41];[106  41];[109  42];[98 41];[102  65];[91 65];[102 102];[ 88 106];[114 122];[ 90 144];[102 129];[ 93 130];[102 188];[115 178];[ 94 242];[ 85 201];
[110  44];[111  40];[107  40];[106  40];[100  40];[100  62];[92 63];[102  99];[ 87 102];[116 119];[ 85 140];[100 128];[ 94 129];[100 185];[115 177];[ 90 236];[ 88 213];
[110  40];[111  36];[108  35];[104  36];[102  36];[103  57];[94 59];[103  92];[84 97];[118 113];[ 79 133];[ 99 124];[ 94 125];[ 96 185];[118 174];[ 94 244];[ 95 217];
[111  39];[112  34];[110  34];[104  33];[103  34];[102  56];[95 57];[102  90];[83 94];[118 108];[ 76 129];[ 97 123];[ 95 124];[ 94 183];[115 176];[ 92 241];[ 99 229];
[112  35];[111  31];[111  31];[98 31];[107  31];[102  56];[96 56];[103  93];[82 91];[121 104];[ 73 125];[ 97 124];[ 96 124];[ 93 182];[109 182];[ 83 239];[110 242];
[112  35];[111  31];[111  31];[98 31];[107  31];[102  56];[96 56];[103  93];[82 91];[121 104];[ 73 125];[ 97 124];[ 96 124];[ 93 182];[109 182];[ 83 239];[110 242];
[111  36];[110  32];[111  32];[96 33];[109  33];[102  58];[97 58];[104  96];[82 93];[123 100];[ 71 125];[ 98 127];[ 97 127];[ 91 185];[106 185];[ 81 241];[111 244];
[107  38];[106  34];[107  34];[96 36];[110  36];[103  62];[98 61];[106  99];[83 97];[124  98];[ 71 127];[ 98 130];[ 96 130];[ 91 187];[106 187];[ 80 243];[109 245];
[109  40];[109  36];[109  36];[97 37];[110  38];[103  63];[99 62];[106 101];[84 99];[125  97];[ 73 129];[ 98 131];[ 97 132];[ 92 188];[107 188];[ 80 243];[109 245];
[111  39];[110  35];[110  35];[99 36];[110  36];[106  60];[100  60];[103  99];[86 97];[120 104];[ 78 132];[ 99 127];[ 96 127];[100 185];[108 185];[ 83 236];[101 243];
[111  39];[110  35];[110  35];[99 36];[110  36];[106  60];[100  60];[104  99];[86 97];[120 104];[ 78 132];[ 99 127];[ 96 127];[100 185];[108 185];[ 83 236];[101 243];
[114  41];[114  36];[112  37];[106  37];[107  37];[105  60];[99 61];[101  97];[ 87 100];[118 110];[ 83 136];[101 126];[ 96 127];[107 182];[107 185];[ 87 226];[ 98 241];
[114  44];[114  40];[112  40];[109  40];[105  41];[107  64];[98 65];[102 102];[ 90 105];[116 118];[ 92 143];[104 129];[ 96 130];[118 176];[107 188];[ 91 207];[ 98 241];
[113  46];[114  42];[111  42];[111  43];[104  44];[109  67];[98 69];[104 103];[ 93 109];[114 123];[ 99 144];[107 129];[ 97 131];[123 175];[104 189];[ 88 190];[ 98 241];
[115  46];[115  41];[113  42];[109  42];[108  42];[107  64];[99 66];[106 100];[ 97 105];[111 126];[106 134];[107 129];[ 97 131];[125 173];[103 191];[ 91 187];[ 98 242];
[115  46];[115  41];[113  42];[109  42];[108  42];[107  64];[99 66];[106 100];[ 97 105];[111 126];[106 134];[107 129];[ 97 131];[125 173];[103 191];[ 91 187];[ 98 241];
[115  43];[116  39];[113  39];[113  40];[106  40];[108  61];[100  63];[106  98];[ 99 101];[112 127];[110 130];[108 125];[ 97 127];[123 171];[101 185];[ 94 194];[ 99 240];
[118  38];[118  34];[116  34];[112  35];[110  35];[110  56];[101  58];[108  92];[100  95];[117 118];[116 120];[109 120];[ 97 121];[123 169];[ 97 179];[104 211];[ 96 235];
[118  37];[118  33];[117  33];[111  33];[110  33];[109  54];[100  54];[108  89];[102  91];[120 113];[120 113];[109 120];[ 98 121];[122 173];[ 98 178];[111 222];[ 94 234];
[120  37];[119  33];[119  32];[109  33];[113  33];[109  55];[101  55];[107  92];[105  94];[123 107];[127 106];[110 122];[ 98 123];[117 179];[ 96 180];[118 233];[ 90 232];
[120  37];[119  32];[119  32];[109  33];[113  33];[109  55];[101  55];[107  92];[105  94];[123 107];[127 106];[110 122];[ 98 123];[117 179];[ 96 180];[118 233];[ 90 232];
[120  39];[120  35];[119  35];[109  35];[113  36];[109  58];[100  58];[110  93];[107  96];[126 101];[130 100];[111 126];[ 99 126];[115 184];[ 94 184];[118 239];[ 89 237];
[120  43];[119  39];[118  39];[111  40];[112  39];[111  61];[100  60];[112  95];[108  95];[127  98];[132  98];[111 130];[ 99 130];[113 187];[ 95 186];[116 240];[ 88 239];
[118  40];[117  36];[116  36];[111  37];[112  37];[111  59];[101  59];[112  94];[108  95];[128  99];[131  98];[111 129];[100 129];[114 186];[ 97 186];[115 239];[ 89 237];
[118  42];[119  38];[116  38];[114  37];[111  38];[112  59];[102  60];[110  94];[106  97];[126 109];[129 107];[111 126];[ 99 126];[115 184];[104 184];[110 237];[ 92 231];
[118  42];[119  38];[116  38];[115  37];[111  38];[112  59];[102  60];[110  94];[106  97];[126 109];[129 107];[111 126];[ 99 126];[115 184];[104 184];[110 237];[ 92 231];
[119  43];[120  39];[117  39];[117  38];[109  38];[112  61];[102  61];[110  95];[105  97];[123 115];[124 115];[110 124];[100 124];[114 184];[109 183];[107 235];[ 95 220];
[120  44];[119  40];[119  40];[109  39];[115  40];[108  62];[103  63];[106  98];[103 102];[120 118];[122 121];[108 126];[101 127];[114 187];[114 185];[108 237];[ 96 211];
[120  48];[121  44];[118  44];[116  44];[110  44];[112  65];[102  66];[108 101];[101 104];[121 120];[121 121];[110 130];[101 130];[115 188];[118 185];[107 237];[ 94 206];
[119  45];[119  41];[117  41];[115  41];[111  41];[113  62];[103  63];[109  97];[103 101];[122 114];[123 114];[109 127];[100 128];[115 187];[116 184];[106 238];[ 91 205];
[119  45];[119  41];[117  41];[114  41];[111  41];[113  62];[103  63];[109  97];[103 101];[122 114];[123 114];[109 127];[100 128];[115 187];[116 184];[106 238];[ 91 205];
[120  39];[120  35];[119  35];[112  37];[115  37];[113  59];[104  60];[109  96];[105  98];[123 111];[126 109];[109 125];[100 126];[113 187];[113 185];[106 239];[ 88 208];
[122  35];[121  31];[121  31];[110  33];[117  33];[110  55];[107  55];[110  93];[109  94];[128 103];[131 102];[107 122];[101 122];[111 183];[109 182];[106 237];[ 84 218];
[123  36];[122  32];[121  32];[109  33];[117  33];[108  55];[108  55];[109  93];[111  93];[128 103];[132 103];[106 123];[103 123];[113 183];[102 185];[105 238];[ 75 236];
[122  40];[122  36];[122  36];[107  37];[118  37];[102  60];[111  60];[98 97];[114  99];[115 108];[133 107];[101 125];[104 125];[113 185];[ 92 187];[104 240];[ 74 244];
[122  40];[122  36];[122  36];[107  37];[118  37];[102  60];[111  60];[98 97];[114  99];[114 108];[133 107];[101 125];[104 125];[113 185];[ 92 187];[104 240];[ 74 244];
[122  45];[120  41];[121  41];[104  42];[118  42];[99 64];[110  64];[ 91 103];[113 105];[102 112];[131 111];[101 131];[105 131];[112 187];[ 89 191];[103 242];[ 69 246];
[121  46];[120  42];[121  42];[105  43];[118  43];[101  65];[109  66];[ 92 104];[108 106];[106 110];[126 111];[102 133];[103 134];[111 189];[ 90 193];[103 243];[ 68 247];
[121  42];[119  38];[120  38];[107  40];[118  40];[102  63];[109  63];[ 91 102];[106 104];[106 110];[122 112];[101 131];[103 132];[110 188];[ 91 192];[102 243];[ 70 247];
[121  44];[121  40];[120  39];[111  38];[116  39];[105  58];[107  58];[99 97];[103  99];[115 110];[118 112];[102 125];[101 125];[107 186];[ 97 187];[101 243];[ 75 243];
[121  44];[121  40];[120  40];[111  38];[116  39];[105  58];[107  58];[99 97];[103  99];[115 110];[118 112];[102 125];[101 125];[107 186];[ 97 187];[101 244];[ 75 243];
[122  41];[123  37];[121  37];[112  35];[116  35];[107  56];[106  56];[101  94];[101  94];[115 111];[117 112];[103 121];[100 121];[106 185];[104 184];[ 98 242];[ 78 237];
[123  44];[124  39];[122  39];[115  38];[115  37];[108  58];[104  59];[103  94];[98 97];[115 113];[113 115];[101 123];[ 99 124];[104 185];[110 184];[ 94 236];[ 81 224];
[123  41];[123  36];[122  37];[113  37];[116  37];[108  59];[103  60];[105  94];[96 98];[115 114];[113 116];[100 123];[ 98 124];[102 183];[113 181];[ 95 231];[ 83 217];
[122  42];[122  38];[122  38];[110  37];[117  38];[110  59];[102  59];[104  95];[95 97];[114 116];[112 116];[102 125];[ 96 126];[ 98 186];[117 181];[ 92 238];[ 87 212];
[122  42];[122  38];[122  38];[110  37];[117  38];[110  59];[102  59];[104  95];[95 97];[114 116];[112 116];[102 125];[ 96 126];[ 98 186];[117 181];[ 92 238];[ 87 212];
[122  41];[122  37];[122  37];[112  37];[116  37];[112  59];[103  60];[107  95];[95 97];[115 117];[112 117];[100 125];[ 97 125];[ 97 183];[114 180];[ 89 235];[ 90 228];
[122  39];[122  34];[122  34];[111  35];[118  35];[114  57];[104  58];[109  94];[96 96];[115 120];[112 119];[100 125];[ 97 125];[ 94 183];[112 183];[ 87 237];[ 99 239];
[121  40];[121  36];[121  36];[110  36];[118  37];[113  59];[104  60];[109  96];[97 98];[116 122];[114 121];[100 126];[ 96 127];[ 93 182];[110 185];[ 81 234];[108 241];
[121  43];[121  39];[121  39];[109  39];[118  40];[111  63];[103  65];[107 102];[100 105];[118 126];[119 125];[100 130];[ 98 131];[ 91 184];[109 190];[ 77 229];[109 243];
[121  43];[121  39];[121  39];[109  39];[118  40];[111  63];[103  65];[107 102];[100 105];[118 126];[119 125];[101 130];[ 98 131];[ 91 183];[109 190];[ 77 229];[109 243];
[121  47];[121  43];[121  43];[109  43];[117  44];[112  66];[103  68];[108 104];[101 109];[119 125];[122 125];[101 133];[ 98 134];[ 91 185];[110 193];[ 76 230];[110 244];
[122  48];[122  44];[122  44];[110  44];[117  45];[112  66];[103  68];[110 104];[103 110];[121 123];[125 124];[102 134];[ 98 135];[ 93 185];[108 193];[ 76 229];[109 244];
[123  47];[123  43];[123  43];[111  42];[118  43];[110  63];[104  65];[109 101];[105 105];[121 121];[125 123];[101 131];[ 98 132];[ 96 183];[106 191];[ 77 226];[107 244];
[124  43];[124  38];[124  39];[112  38];[121  38];[108  58];[106  59];[108  97];[107  99];[120 122];[124 124];[101 123];[ 99 124];[106 181];[104 186];[ 81 219];[ 99 241];
[124  43];[124  38];[124  38];[112  37];[121  38];[108  58];[106  59];[108  97];[107  99];[120 122];[124 124];[101 123];[ 99 124];[106 181];[104 186];[ 81 219];[ 99 241];
[125  39];[125  35];[125  35];[111  35];[121  35];[108  55];[108  56];[107  93];[108  97];[120 121];[123 126];[101 123];[ 99 124];[110 178];[106 185];[ 85 210];[ 94 241];
[125  38];[125  34];[124  34];[112  34];[120  35];[111  55];[107  57];[107  90];[108  98];[116 113];[122 131];[105 123];[ 97 124];[117 177];[101 184];[ 86 202];[ 92 238];
[125  40];[124  36];[124  36];[111  36];[121  37];[111  57];[107  58];[109  97];[109  98];[118 131];[120 132];[106 126];[ 97 127];[119 177];[ 98 187];[ 86 200];[ 92 246];
[126  41];[126  37];[125  37];[116  37];[121  37];[114  58];[108  57];[110  97];[107  95];[115 132];[114 130];[108 125];[ 97 125];[119 177];[ 97 188];[ 90 211];[ 91 247];
[126  41];[126  37];[125  36];[116  37];[121  37];[114  57];[108  57];[110  97];[107  95];[115 132];[114 130];[107 125];[ 97 125];[119 177];[ 97 187];[ 90 211];[ 91 247];
[127  40];[127  35];[126  35];[116  36];[123  36];[115  57];[110  56];[110  96];[106  94];[112 132];[110 132];[108 124];[ 98 124];[119 176];[ 95 187];[ 98 218];[ 90 245];
[127  42];[127  38];[126  38];[116  37];[124  37];[116  57];[110  55];[111  93];[104  90];[110 125];[104 127];[108 126];[ 99 126];[118 178];[ 93 189];[108 231];[ 85 246];
[126  43];[126  39];[127  39];[114  38];[123  38];[113  58];[111  56];[109  95];[102  90];[110 126];[100 128];[106 128];[100 128];[119 181];[ 93 192];[113 237];[ 80 247];
[120  45];[119  41];[121  41];[109  42];[122  43];[111  63];[112  62];[107  99];[99 96];[115 123];[ 92 130];[106 132];[102 133];[119 186];[ 91 196];[112 241];[ 78 249];
[120  45];[119  41];[121  41];[109  42];[122  43];[111  63];[112  62];[107  99];[99 96];[115 123];[ 92 130];[106 132];[102 133];[119 186];[ 91 196];[112 241];[ 78 249];
[118  47];[117  44];[119  44];[110  44];[122  45];[111  64];[113  65];[106  99];[99 96];[118 117];[ 90 129];[107 132];[103 133];[118 187];[ 93 194];[113 242];[ 78 248];
[127  49];[126  45];[127  45];[114  44];[124  45];[113  64];[112  61];[111  99];[97 91];[123 110];[ 88 124];[107 129];[102 129];[115 186];[ 97 191];[113 241];[ 79 246];
[129  44];[128  40];[128  40];[115  42];[125  41];[115  62];[113  58];[112 101];[96 86];[124 107];[ 87 119];[107 124];[103 124];[112 185];[103 186];[111 241];[ 82 242];
[128  43];[128  38];[128  38];[116  38];[127  38];[116  62];[111  55];[117 103];[95 85];[132 103];[ 86 119];[105 123];[100 122];[111 185];[110 183];[102 239];[ 88 228];
[128  43];[128  38];[128  38];[116  38];[127  38];[116  62];[111  55];[117 103];[96 85];[132 103];[ 86 119];[105 123];[100 122];[110 185];[110 183];[102 239];[ 88 228];
[127  41];[126  37];[126  36];[114  37];[126  37];[116  61];[110  57];[115 103];[94 90];[132 103];[ 86 123];[106 123];[ 99 123];[107 183];[117 181];[ 99 236];[ 89 215];
[128  41];[128  37];[127  37];[115  38];[125  38];[118  62];[108  58];[116 102];[93 92];[133 103];[ 89 127];[108 125];[ 99 125];[105 184];[122 178];[ 98 238];[ 90 204];
[129  42];[128  37];[128  37];[115  38];[125  37];[118  60];[107  57];[116 100];[93 90];[133 104];[ 92 126];[109 126];[101 126];[105 184];[124 176];[ 98 238];[ 91 201];
[129  40];[128  36];[128  35];[117  35];[124  36];[118  56];[107  55];[114  93];[96 88];[129 106];[ 98 120];[108 123];[102 124];[103 179];[123 173];[ 99 232];[ 98 211];
[129  40];[128  36];[128  35];[117  35];[124  36];[118  56];[107  55];[114  93];[96 88];[129 106];[ 98 120];[108 123];[102 124];[103 179];[123 173];[ 99 232];[ 98 211];
[128  38];[128  34];[127  33];[118  34];[124  34];[116  55];[108  54];[113  91];[97 88];[127 109];[101 120];[107 122];[102 122];[102 178];[121 176];[ 99 234];[101 229];
[125  38];[124  34];[125  34];[115  34];[124  34];[115  56];[107  55];[112  94];[100  92];[120 116];[108 122];[108 125];[104 125];[102 179];[117 183];[ 92 230];[115 242];
[123  39];[123  35];[123  34];[116  35];[122  36];[114  57];[106  57];[112  95];[102  96];[119 119];[118 118];[109 124];[104 125];[101 179];[116 184];[ 88 229];[118 244];
[119  43];[119  39];[119  39];[114  41];[121  41];[119  63];[105  64];[120 100];[105 105];[129 108];[128 108];[112 130];[103 131];[101 182];[115 189];[ 87 229];[117 246];
[119  43];[119  39];[119  39];[114  41];[121  41];[119  63];[105  64];[120 100];[105 105];[129 108];[128 108];[112 130];[103 131];[101 182];[115 189];[ 87 229];[117 246];
[122  45];[121  41];[121  41];[113  42];[122  43];[120  65];[106  66];[123 101];[109 105];[132 100];[132 100];[112 133];[103 134];[103 183];[115 191];[ 87 228];[117 246];
[129  41];[129  37];[127  37];[121  38];[121  38];[121  60];[106  60];[123  96];[110 101];[132  95];[133  97];[113 125];[102 126];[107 180];[113 185];[ 89 225];[114 244];
[129  40];[129  36];[128  36];[121  36];[123  36];[119  58];[108  58];[121  94];[112  99];[132  96];[136  96];[112 123];[104 124];[110 180];[111 184];[ 93 222];[107 242];
[130  39];[130  34];[130  35];[119  35];[126  35];[116  57];[109  57];[115  94];[113  98];[132  97];[135 100];[112 122];[104 123];[120 179];[108 182];[ 94 218];[103 229];
[130  39];[130  34];[130  35];[119  35];[126  35];[116  57];[109  57];[115  94];[113  98];[132  97];[135 100];[112 122];[104 123];[120 179];[108 182];[ 94 218];[103 229];
[130  39];[130  34];[130  35];[117  35];[127  35];[115  56];[111  57];[114  94];[114  99];[131 102];[136 105];[112 124];[104 125];[125 178];[105 185];[ 93 211];[ 99 242];
[129  42];[129  37];[129  38];[118  37];[126  37];[116  59];[111  60];[114  97];[115  99];[132 107];[137 109];[113 127];[103 129];[127 176];[102 187];[ 98 208];[ 97 242];
[130  40];[130  35];[130  36];[118  36];[127  36];[117  57];[114  58];[114  96];[117  98];[134 109];[138 111];[114 126];[104 128];[129 174];[103 187];[106 209];[ 96 242];
[131  40];[131  36];[131  36];[119  35];[128  35];[117  55];[116  56];[116  94];[118  96];[135 110];[137 115];[114 124];[105 126];[129 175];[102 183];[116 221];[ 95 239];
[131  40];[131  36];[131  36];[119  35];[128  35];[117  55];[116  56];[116  94];[118  96];[135 110];[137 115];[114 124];[105 126];[129 175];[102 183];[116 221];[ 95 239];
[132  39];[131  34];[132  35];[120  34];[127  34];[118  55];[115  55];[117  94];[119  95];[134 114];[136 117];[116 123];[106 124];[127 177];[102 181];[123 231];[ 94 238];
[131  39];[131  34];[131  35];[118  35];[129  35];[118  57];[115  57];[116  96];[118  98];[133 118];[137 120];[117 125];[108 126];[125 185];[100 185];[131 240];[ 91 242];
[131  42];[130  38];[130  38];[119  38];[127  38];[118  59];[115  59];[117  98];[119 100];[133 121];[137 120];[118 130];[110 130];[126 189];[101 190];[132 244];[ 90 245];
[128  44];[127  40];[128  40];[117  40];[128  41];[119  64];[115  64];[121 101];[121 104];[137 120];[141 122];[119 134];[110 135];[126 191];[102 191];[131 243];[ 90 245];
[128  44];[127  39];[128  40];[117  40];[128  41];[119  64];[115  64];[121 101];[121 104];[137 120];[141 122];[119 134];[110 135];[126 191];[102 191];[131 243];[ 90 245];
[131  43];[130  39];[131  39];[118  40];[128  40];[118  62];[117  61];[119  99];[122 100];[135 121];[142 122];[118 133];[111 133];[127 191];[105 191];[132 245];[ 91 244];
[132  40];[132  36];[132  36];[121  37];[128  37];[121  59];[119  58];[123  97];[125  97];[137 121];[143 122];[120 129];[113 129];[126 188];[113 188];[125 244];[ 93 240];
[134  39];[133  34];[133  34];[119  35];[130  35];[119  56];[120  56];[123  95];[126  94];[138 123];[142 123];[117 125];[114 126];[124 188];[122 187];[118 243];[100 231];
[135  39];[135  34];[135  34];[121  34];[131  35];[116  57];[122  57];[120  96];[127  96];[134 126];[141 128];[113 125];[117 126];[121 188];[129 186];[114 240];[100 227];
[135  39];[135  34];[135  34];[121  34];[131  35];[116  57];[122  57];[120  96];[127  96];[134 126];[141 128];[113 125];[117 126];[121 188];[129 186];[114 240];[100 227];
[135  39];[135  34];[135  35];[120  35];[131  36];[116  58];[122  59];[122  97];[125  95];[135 129];[138 128];[112 127];[119 128];[119 189];[135 185];[112 240];[108 224];
[134  41];[134  36];[135  36];[121  37];[132  38];[116  59];[123  60];[121  94];[124  95];[131 121];[130 127];[113 127];[121 128];[118 187];[138 180];[112 240];[115 231];
[136  39];[136  34];[136  35];[121  36];[132  36];[117  58];[125  59];[123  87];[123  93];[133  87];[127 122];[112 124];[122 125];[117 184];[139 178];[111 237];[122 228];
[137  38];[137  34];[137  34];[124  35];[132  35];[118  55];[128  56];[124  86];[123  90];[137  84];[123 119];[113 125];[125 125];[115 187];[140 180];[111 244];[134 237];
[137  38];[137  34];[137  34];[124  35];[132  35];[118  55];[128  56];[124  86];[123  90];[137  84];[123 119];[113 125];[125 125];[115 187];[140 180];[111 244];[134 237];
[137  39];[137  35];[136  35];[126  35];[133  35];[120  56];[129  57];[125  89];[121  91];[138  84];[120 120];[116 125];[127 126];[116 188];[138 185];[111 245];[140 241];
[139  41];[138  36];[139  36];[125  38];[137  37];[121  58];[132  59];[129  92];[123  93];[142  84];[116 123];[118 127];[129 128];[116 189];[136 186];[112 245];[144 240];
[139  43];[138  39];[139  39];[125  40];[138  40];[121  60];[134  61];[126  92];[125  94];[142  85];[117 123];[118 129];[131 130];[117 189];[136 187];[113 245];[144 241];
[139  40];[137  36];[139  36];[124  38];[137  38];[120  59];[134  59];[122  91];[127  90];[129  99];[121 121];[119 125];[131 126];[119 184];[138 182];[116 241];[143 237];
[139  40];[137  36];[139  36];[124  38];[137  38];[120  59];[134  59];[122  90];[127  90];[130  98];[121 121];[119 125];[131 126];[119 184];[138 182];[116 241];[143 237];
[140  39];[138  34];[139  34];[126  36];[138  35];[119  57];[136  56];[117  94];[130  88];[120 123];[126 122];[118 120];[133 120];[121 181];[140 178];[118 240];[142 236];
[139  36];[138  31];[138  32];[122  33];[137  32];[118  55];[137  56];[119  91];[135  93];[130 122];[137 126];[119 118];[134 119];[123 179];[142 178];[123 234];[141 235];
[140  34];[139  30];[139  30];[123  32];[136  32];[118  54];[137  56];[118  86];[141  91];[131 117];[144 125];[121 113];[136 114];[124 163];[141 164];[127 217];[140 217];
[136  36];[135  32];[136  32];[122  33];[138  33];[117  59];[140  59];[114  98];[148  97];[123 115];[154 129];[124 121];[141 121];[130 180];[140 182];[133 236];[139 239];
[136  36];[135  32];[136  32];[122  33];[138  33];[117  59];[140  59];[114  98];[148  97];[123 115];[154 129];[124 120];[141 121];[130 180];[140 181];[133 235];[139 239];
[134  39];[133  35];[134  35];[122  37];[138  37];[117  62];[140  61];[111 100];[151  99];[117 116];[160 129];[125 122];[141 122];[130 179];[140 180];[134 233];[141 235];
[134  43];[131  40];[134  40];[123  43];[138  42];[120  66];[142  66];[113  93];[155  97];[108 112];[166 125];[126 127];[141 127];[130 173];[142 176];[133 222];[139 232];
[129  45];[129  41];[130  42];[122  44];[138  43];[121  67];[143  67];[114  93];[156  97];[104 115];[167 122];[127 130];[142 131];[130 185];[141 188];[134 236];[142 242];
[125  43];[125  39];[126  39];[122  42];[138  42];[123  69];[144  68];[114 102];[157  97];[101 120];[165 121];[129 131];[144 130];[129 184];[141 187];[135 235];[141 241];
[125  43];[125  39];[126  39];[122  42];[138  42];[123  69];[144  68];[114 102];[157  97];[101 120];[165 121];[129 131];[144 130];[129 184];[141 187];[135 235];[141 241];
[121  43];[122  39];[123  39];[121  42];[138  42];[123  68];[145  67];[116 102];[157  98];[102 123];[163 122];[130 129];[145 129];[130 185];[141 187];[136 235];[143 240];
[120  41];[120  37];[121  37];[120  40];[137  39];[125  65];[143  64];[121 101];[154  97];[108 127];[160 124];[131 128];[145 127];[131 188];[141 188];[139 242];[145 242];
[118  42];[118  38];[119  38];[119  40];[137  40];[126  65];[143  65];[124 101];[153 100];[111 131];[157 127];[132 129];[145 128];[131 190];[141 189];[140 243];[147 242];
[118  45];[119  40];[119  41];[120  43];[137  43];[127  69];[144  67];[127 107];[152 103];[113 136];[153 131];[133 131];[145 130];[131 190];[139 188];[140 242];[154 233];
[118  45];[119  40];[119  41];[120  43];[137  43];[127  69];[144  67];[127 107];[152 103];[113 136];[153 131];[133 131];[145 130];[131 190];[139 188];[140 242];[154 233];
[118  47];[119  43];[119  44];[120  45];[137  44];[128  69];[145  67];[128 107];[152 103];[115 136];[152 132];[135 132];[146 131];[131 191];[135 184];[140 243];[158 211];
[119  47];[120  43];[120  43];[121  45];[138  45];[131  70];[145  69];[131 107];[152 104];[114 132];[147 128];[135 132];[143 131];[130 191];[129 180];[142 242];[156 193];
[121  47];[121  43];[122  43];[121  45];[139  45];[131  70];[144  70];[131 106];[152 104];[114 126];[145 124];[135 132];[144 131];[129 190];[128 178];[143 240];[155 188];
[122  47];[122  43];[123  44];[122  45];[139  46];[131  70];[143  70];[129 107];[152 103];[109 114];[140 117];[136 132];[144 131];[128 190];[128 175];[145 239];[150 185];
[122  47];[122  43];[123  44];[122  45];[139  46];[131  70];[143  70];[129 107];[152 103];[110 114];[140 117];[136 132];[144 131];[128 190];[128 175];[145 239];[150 185];
[125  47];[125  44];[126  44];[125  47];[140  46];[129  72];[143  70];[125 105];[152 101];[107 102];[141 112];[138 133];[145 131];[129 188];[126 169];[141 243];[148 190];
[124  46];[124  43];[126  43];[125  46];[141  46];[131  72];[143  70];[122  99];[152  96];[106  84];[137 101];[140 131];[144 129];[132 187];[121 163];[142 242];[147 194];
[123  44];[123  40];[124  41];[124  43];[138  43];[130  67];[141  67];[123  90];[149  93];[109  76];[134  95];[138 126];[143 124];[137 182];[122 160];[143 235];[142 194];
[122  40];[123  36];[123  36];[125  39];[140  39];[132  62];[141  63];[127  81];[147  88];[110  66];[130  83];[138 123];[141 122];[135 180];[123 164];[142 232];[143 201];
[122  40];[123  36];[123  36];[125  39];[140  39];[132  62];[141  63];[127  81];[147  88];[110  65];[130  83];[138 123];[141 122];[135 180];[123 164];[142 232];[143 201];
[122  38];[123  34];[123  34];[125  36];[139  35];[136  58];[140  59];[131  80];[141  85];[114  62];[124  72];[138 120];[140 120];[133 176];[132 173];[142 227];[144 214];
[122  36];[123  32];[123  32];[127  34];[140  33];[139  57];[136  57];[137  84];[134  86];[121  65];[123  72];[139 119];[136 118];[131 175];[134 173];[140 224];[146 216];
[123  38];[124  33];[124  33];[128  36];[138  35];[141  59];[133  59];[139  87];[133  91];[125  65];[128 106];[140 122];[135 121];[131 177];[140 175];[137 226];[149 221];
[123  44];[124  40];[125  40];[127  44];[138  44];[144  68];[130  68];[145  97];[132  96];[133  72];[122 108];[140 128];[134 128];[130 180];[144 178];[136 228];[152 222];
[123  44];[124  40];[125  41];[127  44];[138  44];[144  68];[130  68];[145  97];[132  96];[133  72];[122 108];[140 128];[134 128];[130 180];[144 178];[135 228];[152 222];
[126  50];[127  46];[127  46];[129  49];[137  48];[145  72];[130  72];[147 100];[130  99];[135  77];[119 107];[140 133];[133 132];[130 182];[144 181];[136 229];[152 223];
[129  46];[132  42];[128  43];[137  46];[132  45];[144  71];[130  70];[150 101];[131  97];[136  78];[118 105];[140 130];[132 129];[132 180];[141 179];[136 228];[151 221];
[127  45];[130  41];[127  41];[135  44];[134  43];[144  68];[131  68];[149  97];[131  95];[133  81];[118 102];[142 124];[132 124];[135 176];[137 175];[137 226];[149 218];
[129  38];[132  34];[128  34];[138  36];[130  36];[144  61];[130  60];[150  92];[129  86];[130  88];[119  99];[143 119];[131 118];[138 173];[132 172];[139 222];[145 211];
[129  38];[132  34];[128  34];[138  36];[130  36];[144  61];[130  60];[150  92];[129  86];[130  88];[119  99];[143 119];[131 118];[138 173];[132 172];[139 222];[145 211];
[130  34];[133  30];[129  30];[139  33];[128  32];[145  59];[129  58];[150  90];[132  87];[128  95];[121  99];[143 117];[131 117];[139 172];[130 171];[142 217];[142 211];
[131  32];[135  28];[129  28];[141  32];[127  30];[145  57];[129  56];[149  89];[132  85];[132 105];[123 101];[145 113];[132 113];[140 169];[126 167];[145 217];[135 212];
[132  30];[136  27];[130  27];[143  31];[127  30];[146  56];[129  55];[150  90];[133  86];[136 112];[124 104];[145 114];[131 114];[142 169];[125 168];[148 216];[128 214];
[134  36];[138  32];[131  32];[145  36];[127  35];[146  61];[130  60];[150  97];[136  93];[138 124];[127 107];[145 120];[131 120];[145 174];[125 173];[150 219];[121 223];
[134  36];[138  32];[131  32];[145  36];[127  35];[146  61];[130  60];[150  97];[136  93];[138 124];[127 107];[145 120];[131 120];[145 174];[125 173];[150 219];[121 223];
[134  40];[138  36];[132  36];[146  40];[128  40];[147  67];[129  65];[152 102];[136  97];[141 129];[128 111];[145 124];[130 123];[145 177];[124 176];[150 220];[119 226];
[135  46];[139  42];[132  42];[145  46];[129  45];[147  72];[129  69];[154 105];[137 100];[144 132];[127 113];[144 129];[130 128];[146 180];[124 179];[150 223];[119 228];
[135  45];[139  42];[133  42];[145  44];[128  44];[147  70];[129  68];[155 103];[135  99];[146 130];[126 113];[144 129];[130 128];[145 180];[123 179];[150 223];[119 228];
[136  40];[139  36];[133  36];[143  39];[129  40];[148  67];[129  68];[157  97];[132  97];[149 123];[124 111];[145 126];[130 125];[141 178];[124 178];[148 219];[124 226];
[136  40];[139  36];[133  36];[143  39];[129  40];[148  67];[128  68];[157  97];[132  97];[149 123];[124 111];[145 126];[130 125];[141 178];[124 178];[148 219];[124 226];
[136  36];[139  32];[133  32];[143  36];[129  36];[148  63];[129  63];[156  94];[129  92];[148 120];[122 112];[143 121];[130 120];[139 176];[125 175];[145 218];[128 222];
[136  35];[139  32];[132  32];[144  35];[128  35];[148  62];[127  61];[156  93];[125  90];[149 118];[118 113];[143 118];[129 117];[132 173];[125 174];[144 196];[132 221];
[135  36];[138  33];[132  33];[143  36];[128  36];[147  61];[126  60];[154  94];[123  91];[149 121];[115 115];[141 118];[128 117];[130 171];[125 170];[136 201];[137 206];
[134  39];[138  36];[131  35];[143  40];[127  40];[146  65];[127  64];[153  95];[121  92];[151 120];[113 114];[140 122];[127 121];[127 171];[125 168];[133 218];[142 186];
[134  39];[138  36];[131  35];[143  40];[127  40];[146  65];[127  64];[153  95];[121  92];[151 120];[113 114];[140 122];[127 121];[127 171];[125 168];[133 218];[142 186];
[134  40];[137  36];[131  36];[143  40];[127  40];[145  66];[126  65];[151  95];[120  92];[152 119];[110 112];[139 122];[126 122];[128 170];[126 169];[133 214];[137 198];
[134  40];[137  36];[131  36];[142  40];[127  39];[143  64];[126  64];[150  93];[119  91];[153 115];[108 109];[138 123];[126 122];[128 171];[126 172];[134 217];[133 214];
[134  40];[137  36];[131  36];[142  40];[126  39];[143  65];[125  64];[148  92];[118  90];[155 112];[106 107];[138 123];[125 122];[129 172];[127 172];[132 222];[132 219];
[134  41];[138  38];[131  38];[141  42];[127  41];[143  67];[124  66];[148  90];[116  88];[157 106];[104 102];[138 119];[126 118];[131 156];[127 155];[128 193];[129 185];
[134  41];[138  38];[131  38];[141  42];[127  41];[143  67];[124  66];[148  90];[116  88];[157 106];[104 102];[138 119];[126 118];[131 157];[127 155];[128 193];[130 186];
[133  44];[137  41];[130  41];[141  44];[126  43];[142  68];[123  66];[147  90];[114  87];[159 105];[101 100];[138 118];[125 118];[132 153];[126 152];[129 188];[128 184];
[133  43];[137  40];[130  39];[140  44];[125  42];[142  67];[121  66];[148  87];[110  85];[159 102];[ 98 100];[138 121];[124 120];[131 161];[125 160];[127 199];[130 201];
[133  40];[136  38];[130  37];[140  41];[125  40];[141  63];[121  62];[147  84];[110  83];[157 100];[96 99];[138 119];[124 119];[130 161];[124 161];[126 200];[130 196];
[133  38];[136  35];[130  34];[140  39];[125  37];[142  64];[120  61];[148  86];[110  82];[154  97];[ 97 101];[137 122];[122 122];[128 171];[121 172];[127 213];[128 215];
[133  38];[136  35];[130  34];[140  39];[125  37];[142  64];[120  61];[148  86];[110  82];[154  97];[ 97 101];[137 122];[122 122];[128 171];[121 172];[127 213];[128 215];
[132  37];[136  34];[129  34];[140  38];[124  37];[142  62];[121  62];[145  83];[110  84];[150  93];[ 96 104];[136 122];[121 122];[127 177];[118 178];[125 224];[127 214];
[131  39];[135  35];[128  36];[140  39];[124  39];[142  68];[120  64];[149 101];[109  88];[145  74];[ 96 106];[135 124];[120 123];[128 174];[116 175];[127 205];[124 196];
[132  40];[135  37];[128  37];[139  40];[124  40];[145  71];[120  65];[148 105];[110  89];[150  84];[ 96 107];[134 126];[118 124];[128 177];[115 173];[125 219];[118 184];
[132  39];[135  35];[129  35];[139  38];[124  38];[145  65];[121  62];[147 102];[111  88];[150  78];[ 96 107];[134 123];[118 121];[128 171];[116 168];[125 210];[117 185];
[132  39];[135  35];[129  35];[139  38];[124  38];[145  65];[121  62];[147 102];[111  88];[150  78];[ 96 107];[134 123];[118 121];[128 171];[116 168];[125 210];[117 185];
[131  36];[135  32];[128  33];[140  36];[124  36];[144  62];[120  59];[147  98];[110  86];[148  73];[ 97 106];[134 120];[118 118];[128 168];[117 167];[124 206];[115 199];
[131  33];[135  29];[127  29];[140  32];[124  31];[144  57];[121  55];[145  93];[112  82];[145  64];[100 104];[132 117];[116 116];[126 175];[119 173];[120 226];[118 223];
[130  33];[134  29];[127  29];[140  32];[123  32];[143  57];[119  55];[144  92];[112  82];[144  64];[102 101];[131 117];[116 116];[126 174];[120 172];[118 221];[118 225];
[130  33];[134  29];[127  29];[140  33];[123  32];[143  57];[119  55];[144  92];[112  82];[144  64];[102 101];[131 117];[116 116];[125 174];[120 172];[118 221];[118 225];
[130  37];[133  33];[127  33];[139  35];[123  35];[143  58];[121  56];[144  90];[113  81];[143  61];[104 101];[133 113];[118 111];[128 153];[119 152];[124 188];[120 191];
[130  41];[134  37];[127  37];[139  40];[123  39];[141  63];[120  61];[144  90];[112  85];[143  61];[104 104];[132 116];[118 114];[127 154];[119 153];[122 192];[119 194];
[130  44];[133  40];[127  40];[139  42];[123  42];[142  65];[119  63];[146  92];[111  88];[144  64];[103 109];[131 122];[116 121];[126 166];[118 166];[118 204];[121 207];
[131  43];[134  39];[127  39];[138  40];[123  40];[143  62];[120  61];[146  95];[113  89];[143  67];[104 113];[132 119];[116 118];[126 163];[118 162];[120 202];[122 200];
[131  43];[134  39];[127  39];[138  40];[123  40];[143  62];[120  61];[146  95];[113  89];[142  67];[104 113];[132 119];[116 118];[126 163];[118 162];[120 202];[122 201];
[130  40];[134  37];[127  36];[140  40];[123  39];[143  68];[118  63];[147 103];[110  94];[143  79];[102 120];[130 123];[114 121];[129 178];[121 177];[122 207];[121 226];
[131  41];[134  37];[127  36];[139  39];[123  38];[140  65];[119  63];[145  95];[110  94];[146  95];[102 121];[132 124];[116 123];[134 181];[122 182];[121 201];[122 234];
[129  43];[133  40];[126  39];[139  42];[122  40];[138  64];[118  65];[141  86];[109  93];[145  99];[101 119];[131 118];[118 119];[131 151];[120 156];[133 184];[123 193];
[129  43];[132  40];[126  39];[135  42];[125  41];[122  64];[130  64];[111  91];[131  90];[104 113];[139 108];[120 118];[129 118];[120 155];[133 151];[122 194];[134 185];
[129  43];[132  40];[126  39];[135  42];[125  41];[122  64];[130  64];[110  91];[131  90];[104 113];[140 108];[120 118];[129 118];[120 155];[133 151];[122 194];[134 185];
[129  42];[129  38];[128  38];[126  39];[135  40];[118  60];[138  62];[110  86];[139  93];[103 102];[144 116];[118 117];[133 117];[120 155];[133 153];[121 195];[134 188];
[129  40];[131  36];[128  36];[128  37];[133  38];[117  60];[136  62];[106  90];[138  96];[111  84];[144 121];[117 116];[132 116];[118 152];[132 152];[121 191];[132 188];
[129  38];[133  34];[126  34];[138  37];[121  35];[138  62];[116  58];[137  97];[110  85];[139 123];[118  58];[133 121];[117 119];[131 175];[120 174];[131 226];[122 225];
[129  38];[133  34];[125  34];[137  36];[121  35];[137  62];[117  58];[137  95];[110  84];[138 122];[116  64];[132 119];[117 118];[130 172];[119 171];[130 223];[123 221];
[129  38];[133  34];[125  34];[137  36];[121  35];[137  62];[117  58];[137  95];[110  84];[138 122];[116  64];[132 119];[117 118];[130 172];[119 171];[130 223];[123 221];
[128  40];[132  35];[125  36];[137  36];[120  36];[138  60];[116  58];[134  82];[111  79];[129  64];[120  61];[133 122];[116 121];[130 180];[119 179];[130 232];[124 228];
[128  42];[131  37];[125  37];[135  39];[121  40];[135  63];[119  62];[123  73];[112  77];[125  53];[119  58];[130 125];[117 125];[128 182];[119 181];[129 231];[124 227];
[128  40];[131  36];[126  37];[134  40];[120  40];[136  64];[117  63];[134  72];[114  77];[133  48];[122  57];[131 128];[116 128];[128 187];[119 186];[127 236];[125 232];
[127  42];[131  38];[125  38];[134  40];[120  39];[135  63];[115  61];[132  82];[112  81];[130  58];[122  59];[131 126];[116 125];[129 179];[118 178];[125 225];[122 223];
[127  42];[131  38];[125  38];[134  40];[119  39];[135  63];[115  61];[132  82];[112  81];[130  58];[122  59];[131 126];[116 125];[129 179];[118 178];[125 226];[122 224];
[127  40];[131  36];[124  36];[136  37];[119  36];[134  64];[115  60];[135 100];[110  89];[137 129];[121  69];[130 127];[115 126];[127 186];[116 185];[121 230];[121 225];
[128  41];[131  37];[124  36];[136  39];[119  37];[133  66];[114  62];[134 102];[110  94];[139 131];[119  77];[129 128];[115 127];[126 191];[118 190];[118 240];[118 238];
[129  42];[132  38];[125  37];[136  39];[119  38];[134  67];[113  63];[134 103];[104  98];[144 131];[115  90];[129 131];[113 130];[126 191];[115 189];[118 240];[112 215];
[128  42];[132  38];[125  37];[136  39];[120  38];[134  66];[112  62];[135  98];[103  97];[146 124];[110  97];[129 131];[113 130];[125 190];[117 189];[117 238];[108 212];
[128  42];[132  38];[125  37];[136  39];[120  38];[134  66];[112  62];[135  99];[103  96];[146 124];[110  97];[129 131];[113 130];[125 190];[117 189];[117 239];[108 212];
