[139  96];[139  95];[136  95];[140  98];[132  98];[140 110];[129 107];[142  95];[136  91];[144  77];[139  75];[139 145];[125 144];[146 176];[117 177];[150 206];[106 207];
[139  96];[140  95];[136  95];[140  98];[132  98];[140 110];[129 107];[142  95];[136  91];[144  77];[139  75];[139 145];[125 144];[146 176];[117 177];[150 206];[106 207];
[141 104];[142 102];[139 102];[141 104];[134 105];[142 118];[130 114];[142 114];[137  98];[143  97];[140  81];[141 147];[126 147];[149 173];[118 178];[149 207];[106 208];
[138  97];[139  95];[136  95];[140  98];[131  98];[139 111];[128 109];[140 105];[133 102];[143  87];[139  86];[141 144];[127 144];[147 172];[120 175];[145 207];[109 203];
[134  83];[136  80];[131  81];[138  84];[128  84];[140 100];[127  99];[142 113];[131 112];[142 101];[138  97];[141 140];[129 140];[145 173];[122 171];[141 206];[113 200];
[139 104];[141 101];[137 101];[143 104];[131 100];[142 113];[129 110];[140 107];[130 102];[138  92];[132  89];[141 144];[129 142];[142 179];[122 172];[138 209];[118 203];
[140 105];[141 102];[138 102];[144 105];[132 102];[142 114];[129 112];[140 107];[130 102];[138  92];[132  88];[141 144];[129 143];[142 179];[122 172];[138 208];[118 203];
[137  82];[139  79];[134  80];[140  83];[129  84];[144 100];[127 100];[144 120];[128  99];[147 138];[131  82];[142 140];[130 141];[145 174];[128 175];[142 206];[127 207];
[139  82];[141  79];[137  79];[144  83];[133  83];[147  99];[130 101];[143  99];[126 121];[138  86];[121 137];[148 141];[134 141];[150 174];[126 172];[157 203];[123 204];
[140  84];[142  82];[138  82];[145  86];[134  86];[147 101];[132 103];[142 103];[128 121];[138  91];[121 133];[149 143];[136 143];[152 178];[127 175];[162 209];[121 206];
[140  85];[142  83];[138  83];[145  86];[134  86];[149 103];[132 104];[154 123];[129 124];[161 140];[121 132];[150 146];[137 146];[154 180];[129 177];[164 212];[120 204];
[140  87];[142  84];[138  84];[145  87];[134  87];[149 105];[132 107];[156 124];[131 128];[164 137];[121 131];[150 149];[136 149];[156 182];[130 180];[164 214];[120 208];
[140  87];[142  84];[137  84];[145  87];[134  87];[149 105];[132 107];[156 124];[131 128];[164 137];[121 131];[150 149];[136 149];[156 182];[130 180];[164 214];[120 208];
[141  86];[142  83];[138  84];[145  86];[134  87];[147 103];[133 104];[155 120];[131 125];[161 133];[120 124];[148 146];[135 146];[153 179];[128 176];[162 208];[122 206];
[141  85];[143  82];[138  82];[145  85];[134  85];[148 102];[132 103];[156 120];[130 124];[160 132];[120 122];[147 143];[134 143];[151 175];[128 176];[159 204];[124 208];
[141  85];[143  82];[139  82];[146  85];[134  85];[147 101];[132 103];[153 117];[129 125];[157 127];[122 116];[146 141];[133 141];[148 173];[129 173];[152 202];[130 202];
[141  85];[143  83];[138  83];[145  86];[134  86];[148 102];[132 102];[151 119];[128 123];[154 121];[125 111];[146 139];[134 140];[147 172];[133 172];[148 201];[133 201];
[141  85];[143  83];[138  83];[145  86];[134  86];[148 102];[132 102];[151 119];[128 123];[154 121];[125 111];[146 139];[134 140];[147 172];[133 172];[148 201];[133 201];
[139 100];[141  97];[137  97];[144  99];[133  98];[146 111];[131 111];[151 116];[129 114];[148 101];[134 100];[145 145];[133 145];[145 178];[133 178];[145 208];[134 209];
[139  85];[141  82];[137  82];[144  85];[133  85];[147 100];[131 100];[151 115];[127 111];[149  99];[133  96];[144 138];[133 138];[145 172];[132 172];[145 201];[133 200];
[139  83];[141  80];[137  80];[144  84];[132  84];[145  99];[130  99];[150 109];[126 104];[146  94];[134  91];[144 138];[131 138];[146 170];[131 170];[146 199];[132 200];
[139  85];[141  83];[137  83];[144  87];[132  86];[145 102];[130 101];[148 103];[127  98];[145  90];[131  87];[143 138];[131 138];[147 170];[130 170];[147 200];[129 198];
[139  85];[141  83];[137  83];[144  87];[132  86];[145 102];[130 101];[148 103];[127  98];[145  90];[131  87];[143 138];[131 138];[147 170];[130 170];[147 200];[129 198];
[136  86];[138  84];[133  85];[141  89];[131  89];[144 104];[129 103];[148  95];[124  90];[148  85];[128  74];[144 141];[130 141];[150 173];[128 172];[152 204];[121 202];
[137  88];[139  86];[134  86];[141  89];[131  90];[144 105];[128 105];[148  93];[123  90];[147  79];[126  73];[144 143];[130 144];[150 175];[126 176];[154 204];[116 205];
[133  92];[135  89];[131  90];[139  93];[129  93];[143 107];[127 107];[147  93];[123  91];[147  80];[125  74];[143 145];[129 145];[149 176];[123 178];[154 207];[114 209];
[136  91];[138  88];[133  89];[141  91];[130  92];[144 106];[127 106];[147  92];[122  90];[146  78];[125  72];[143 145];[128 146];[150 175];[124 179];[154 205];[115 210];
[136  91];[138  88];[133  89];[141  91];[130  92];[144 106];[127 106];[147  92];[122  90];[146  78];[125  72];[143 145];[128 146];[150 175];[124 179];[154 205];[115 210];
[137  88];[139  86];[135  86];[142  89];[130  89];[143 104];[127 102];[150 101];[123  91];[149  86];[130  77];[143 143];[130 143];[149 173];[128 174];[150 206];[117 204];
[136  89];[138  86];[135  86];[141  90];[131  90];[143 104];[128 103];[150 105];[122  97];[149  91];[129  87];[143 141];[131 141];[148 171];[129 172];[147 203];[123 199];
[136  88];[138  86];[134  86];[141  88];[131  88];[145 100];[127 101];[151 111];[126 113];[146  99];[132  98];[144 140];[131 140];[147 172];[130 172];[147 202];[127 199];
[136  90];[138  87];[135  88];[142  90];[131  91];[146 104];[127 105];[152 116];[125 113];[146 104];[132 101];[145 142];[131 143];[146 175];[130 174];[146 203];[131 202];
[136  90];[138  87];[135  88];[142  90];[131  91];[146 104];[127 105];[152 116];[125 113];[146 104];[132 101];[145 142];[131 143];[146 174];[130 174];[146 203];[131 202];
[137  98];[139  96];[135  96];[142  97];[131  97];[146 111];[129 112];[151 122];[126 127];[146 110];[129 108];[145 147];[133 148];[147 179];[131 179];[146 207];[133 208];
[137  90];[139  87];[135  87];[142  90];[132  90];[146 104];[131 105];[149 117];[128 118];[146 113];[126 126];[145 142];[133 143];[147 174];[130 174];[148 202];[132 202];
[137  89];[139  86];[135  86];[143  89];[132  89];[146 102];[133 103];[147 115];[132 111];[151 125];[129 115];[146 140];[135 139];[149 171];[129 169];[150 200];[131 199];
[137  89];[140  86];[136  86];[144  88];[133  89];[146 102];[134 104];[142 104];[133 119];[136  92];[127 130];[147 140];[136 140];[151 173];[128 170];[154 202];[128 200];
[138  89];[140  86];[136  86];[144  88];[133  89];[146 102];[134 104];[142 104];[133 119];[136  92];[127 130];[147 140];[136 140];[151 173];[128 170];[154 202];[128 200];
[138  91];[140  88];[136  88];[143  90];[133  90];[147 105];[131 106];[154 122];[130 126];[161 133];[123 137];[148 145];[135 145];[154 179];[129 178];[163 210];[123 207];
[138  93];[140  90];[136  90];[143  92];[133  93];[148 107];[132 108];[155 123];[131 127];[164 134];[123 137];[149 148];[136 148];[155 180];[131 179];[164 211];[122 208];
[139  93];[141  90];[137  91];[143  93];[133  94];[149 108];[132 110];[156 123];[133 122];[165 133];[133 109];[149 150];[136 150];[156 181];[131 181];[163 211];[122 209];
[139  94];[141  91];[137  91];[145  94];[133  94];[148 109];[133 112];[156 123];[131 130];[163 132];[124 139];[148 150];[136 150];[154 181];[130 180];[162 210];[122 207];
[139  94];[141  91];[137  91];[145  94];[134  94];[148 109];[133 112];[156 123];[131 130];[163 132];[124 139];[148 150];[136 150];[154 181];[130 180];[162 210];[122 207];
[138  89];[141  87];[136  87];[144  89];[134  89];[148 104];[131 105];[154 120];[128 125];[157 130];[123 138];[147 143];[134 143];[152 175];[128 175];[158 203];[126 206];
[139  91];[141  88];[137  88];[144  90];[133  90];[148 105];[131 105];[153 120];[129 123];[153 126];[126 136];[145 142];[133 142];[148 173];[131 173];[151 201];[132 201];
[138  92];[140  89];[136  89];[143  91];[133  91];[148 105];[131 105];[151 123];[128 121];[150 122];[130 129];[146 142];[134 142];[147 174];[133 175];[147 202];[134 203];
[138  93];[140  91];[136  90];[143  94];[132  93];[147 109];[131 108];[148 124];[131 115];[145 111];[134  99];[145 143];[133 143];[145 177];[133 178];[144 208];[134 209];
[138  93];[140  91];[136  91];[143  94];[133  93];[147 109];[131 108];[148 124];[131 114];[145 111];[134  99];[145 143];[133 143];[145 177];[133 178];[144 209];[134 210];
[138  90];[140  87];[136  88];[143  90];[132  90];[145 104];[130 105];[147 117];[131 120];[144 103];[137 105];[144 141];[132 141];[145 174];[131 173];[145 202];[133 201];
[136  90];[139  87];[135  88];[142  90];[131  91];[145 104];[130 105];[147 111];[128 110];[144  98];[133  98];[143 141];[131 141];[146 171];[130 172];[147 199];[131 200];
[138  95];[140  93];[137  93];[143  97];[132  96];[143 109];[131 108];[144 106];[129 103];[141  95];[132  93];[142 141];[131 141];[147 170];[129 171];[147 201];[127 200];
[135  93];[138  91];[134  90];[141  95];[130  95];[142 107];[130 106];[145 101];[129  98];[145  91];[131  87];[142 142];[131 142];[148 174];[127 173];[150 206];[123 201];
[135  93];[137  91];[134  90];[141  95];[130  95];[142 107];[130 106];[145 101];[129  98];[145  91];[131  88];[142 142];[131 141];[148 174];[127 173];[150 206];[123 201];
[137  93];[139  91];[135  91];[141  95];[131  96];[143 108];[130 107];[147 101];[127 100];[150  92];[131  92];[141 146];[129 146];[146 177];[126 178];[151 206];[117 208];
[136  94];[138  92];[134  92];[140  96];[130  96];[143 111];[128 109];[147 106];[125 100];[150  97];[127  90];[143 148];[130 148];[146 181];[124 180];[153 208];[117 211];
[136  94];[138  92];[133  92];[140  95];[129  95];[143 110];[127 109];[148 101];[122  99];[149  91];[124  87];[143 148];[129 148];[147 179];[124 180];[152 207];[117 211];
[136  93];[138  91];[134  91];[140  95];[129  95];[142 110];[127 109];[144 104];[123  99];[143  90];[127  85];[144 146];[130 146];[148 177];[126 178];[151 207];[118 209];
[136  93];[138  91];[134  91];[140  95];[129  95];[142 110];[127 109];[144 104];[123  99];[143  90];[127  85];[144 146];[130 146];[148 177];[126 178];[151 207];[118 209];
[136  92];[138  89];[134  90];[140  92];[130  92];[143 104];[128 104];[146 116];[127 112];[143 102];[134 100];[143 143];[131 143];[146 177];[131 176];[145 208];[126 204];
[136  93];[137  90];[133  90];[140  92];[130  93];[144 108];[127 106];[145 125];[128 117];[143 118];[136 106];[144 143];[131 143];[145 176];[133 175];[143 204];[131 202];
[136  93];[138  90];[134  91];[140  93];[130  93];[143 108];[127 108];[145 125];[127 123];[141 111];[135 111];[144 145];[132 145];[145 179];[134 179];[143 209];[133 210];
[137  93];[138  90];[134  90];[140  92];[130  93];[143 107];[127 108];[145 124];[128 123];[142 107];[134 106];[144 145];[132 145];[145 179];[134 179];[143 209];[133 210];
[137  93];[138  90];[134  90];[140  92];[130  93];[143 107];[127 108];[145 124];[128 123];[142 108];[134 106];[144 145];[132 145];[145 179];[134 179];[143 209];[133 210];
[138  95];[139  92];[136  93];[141  95];[132  95];[143 108];[130 108];[145 115];[129 110];[143  99];[133  97];[144 141];[132 142];[146 174];[132 174];[145 203];[130 203];
[137  94];[138  92];[136  92];[140  96];[131  96];[142 109];[130 109];[146 109];[129 107];[142  96];[133  96];[143 142];[132 143];[147 172];[131 174];[145 203];[126 204];
[138  96];[139  94];[136  94];[141  98];[131  97];[143 110];[130 110];[145 108];[128 106];[144  96];[132  95];[143 143];[132 143];[146 174];[130 174];[147 203];[124 200];
[136  95];[138  93];[134  93];[141  97];[130  97];[143 110];[130 110];[146 106];[128 106];[144  94];[129  93];[143 145];[131 145];[146 175];[129 175];[148 203];[121 201];
[136  95];[138  93];[134  93];[141  97];[130  97];[143 110];[130 110];[146 106];[128 106];[144  94];[129  93];[143 145];[131 145];[146 175];[129 175];[148 203];[121 201];
[137  97];[138  95];[134  95];[141  99];[130  99];[143 113];[129 112];[148 104];[124 100];[150  94];[126  87];[143 149];[130 149];[147 179];[124 181];[152 208];[116 211];
[139 100];[140  97];[137  97];[142 101];[131 101];[142 113];[129 113];[148 106];[126 104];[151  94];[130  90];[141 150];[129 150];[147 176];[126 180];[148 205];[116 209];
[137  99];[139  96];[135  97];[141  99];[130 100];[143 113];[129 113];[148 107];[128 105];[150  95];[132  94];[142 149];[130 149];[148 176];[126 179];[150 207];[116 208];
[137  97];[139  95];[136  95];[143  98];[132  98];[143 111];[130 111];[146 111];[129 110];[147  98];[134  99];[143 148];[131 147];[148 176];[128 177];[147 207];[118 206];
[137  97];[139  95];[136  95];[143  98];[132  98];[143 111];[130 111];[146 111];[128 110];[147  98];[134  99];[143 148];[131 147];[148 176];[128 177];[147 207];[118 206];
[138  96];[140  94];[136  94];[143  97];[133  97];[145 110];[131 110];[146 117];[133 115];[144 108];[137 104];[145 146];[133 145];[145 176];[128 172];[145 202];[124 196];
[138  95];[140  93];[136  93];[143  96];[133  96];[146 110];[133 109];[145 115];[133 108];[143 103];[135  99];[144 144];[133 143];[146 177];[128 171];[146 204];[127 198];
[137  98];[139  96];[136  96];[143  97];[133  97];[147 110];[134 109];[146 127];[135 115];[145 132];[135 103];[145 145];[134 144];[146 176];[128 168];[145 203];[130 196];
[139  92];[141  89];[137  89];[145  91];[135  92];[147 105];[134 107];[146 111];[132 126];[142 107];[130 141];[146 140];[136 140];[147 170];[131 167];[147 200];[135 196];
[139  92];[141  89];[137  89];[145  91];[135  92];[148 104];[134 106];[147 112];[132 125];[143 100];[128 141];[147 141];[136 141];[147 171];[133 170];[149 200];[135 198];
[139  91];[142  88];[138  88];[145  91];[135  92];[149 104];[134 107];[149 107];[132 127];[143  95];[127 142];[146 141];[136 142];[148 172];[134 172];[151 200];[134 199];
[140  92];[142  89];[138  90];[146  92];[135  92];[149 106];[135 107];[152 125];[134 125];[153 140];[128 140];[148 143];[137 143];[149 173];[136 173];[151 201];[134 200];
[140  92];[142  89];[138  90];[146  92];[135  92];[149 106];[135 107];[152 125];[134 125];[153 141];[128 140];[148 143];[137 143];[149 173];[136 173];[151 201];[134 200];
[143  98];[145  95];[141  95];[148  96];[137  97];[150 111];[136 111];[154 131];[136 130];[156 148];[128 135];[150 149];[139 149];[152 178];[137 177];[154 205];[135 203];
[142  96];[144  93];[140  93];[148  96];[137  97];[150 112];[136 114];[148 118];[134 132];[143 104];[126 130];[150 149];[139 149];[152 179];[136 178];[155 205];[134 204];
[142  93];[144  91];[140  91];[147  93];[137  94];[149 108];[135 110];[147 116];[132 129];[142 102];[129 115];[150 143];[139 143];[150 175];[136 175];[153 203];[136 203];
[142  93];[144  90];[140  90];[147  93];[137  94];[149 108];[135 110];[147 116];[132 129];[142 102];[129 115];[150 143];[139 143];[150 175];[136 175];[153 203];[136 203];
[143  92];[145  90];[141  90];[147  92];[137  92];[150 107];[134 106];[153 125];[130 123];[158 139];[131 107];[149 141];[137 141];[149 173];[137 173];[152 200];[137 200];
[143  92];[145  89];[141  90];[148  92];[137  92];[150 107];[134 106];[154 125];[127 115];[158 139];[132 102];[149 143];[137 143];[150 174];[138 174];[152 200];[137 202];
[142  91];[144  89];[140  89];[147  93];[137  92];[150 109];[134 108];[153 126];[126 110];[157 137];[133  99];[149 143];[138 143];[150 172];[139 173];[150 198];[137 201];
[144  92];[145  89];[141  89];[148  92];[137  90];[149 106];[133 104];[151 123];[129 102];[154 134];[136  94];[149 141];[137 141];[150 168];[138 170];[149 195];[137 199];
[144  92];[145  89];[141  89];[148  92];[137  90];[149 106];[133 104];[151 123];[129 102];[154 134];[136  94];[149 141];[137 141];[150 169];[138 170];[149 195];[137 199];
[144  85];[147  82];[142  82];[148  86];[138  85];[149 100];[134  98];[148 110];[132  98];[145 106];[139  90];[149 136];[137 136];[150 168];[137 169];[149 198];[138 199];
[144  85];[147  82];[142  82];[149  86];[138  85];[149 100];[134  99];[150  97];[133 104];[147  85];[138  94];[149 139];[136 139];[149 173];[137 174];[148 205];[137 205];
[144  85];[147  82];[142  82];[149  86];[138  85];[149 100];[134  99];[150  97];[133 104];[147  85];[138  94];[149 139];[136 139];[149 173];[137 174];[148 205];[137 205];
[144  87];[147  84];[142  84];[149  88];[139  87];[150 101];[134 100];[152 108];[132 112];[149  91];[134 116];[148 139];[137 139];[149 172];[137 173];[150 202];[137 203];
[144  82];[146  79];[142  79];[149  82];[139  82];[149  98];[136  97];[149 118];[133 114];[153 134];[132 125];[148 138];[137 138];[149 172];[138 172];[148 203];[138 204];
[144  79];[146  75];[142  76];[149  79];[139  79];[150  95];[137  95];[150 115];[134 115];[154 129];[132 131];[148 135];[138 135];[150 169];[138 170];[149 202];[137 202];
[144  79];[146  75];[142  76];[149  79];[139  79];[150  95];[137  95];[150 115];[134 115];[154 129];[132 131];[148 135];[138 135];[150 169];[138 170];[149 202];[137 202];
[145  76];[147  73];[142  73];[150  76];[139  77];[151  95];[136  94];[152 116];[133 114];[161 116];[131 132];[149 134];[138 134];[152 167];[136 165];[154 199];[138 195];
[144  75];[147  73];[142  73];[150  77];[138  77];[152  95];[136  93];[156 115];[133 110];[163 109];[132 130];[151 132];[138 132];[152 165];[136 162];[153 196];[137 191];
[144  75];[147  73];[142  73];[150  77];[138  76];[153  94];[135  90];[159 112];[131  82];[166 100];[135  68];[150 132];[136 131];[152 163];[135 160];[154 196];[137 188];
[144  73];[147  70];[142  70];[150  74];[138  74];[153  92];[135  91];[160 108];[132 111];[166  95];[131 129];[150 131];[137 130];[151 162];[135 158];[152 194];[138 184];
[144  73];[147  70];[142  70];[150  74];[138  74];[153  92];[135  91];[160 108];[132 112];[166  95];[131 129];[150 131];[137 130];[151 162];[135 158];[152 194];[138 184];
[143  70];[146  68];[141  68];[149  71];[137  71];[153  86];[135  87];[160  97];[133 105];[159  80];[132 122];[151 126];[137 126];[152 161];[136 160];[152 195];[137 190];
[143  71];[146  68];[141  68];[150  72];[137  71];[153  87];[135  86];[161  93];[135  81];[157  77];[139  70];[151 127];[137 127];[152 164];[136 162];[150 198];[138 195];
[143  72];[146  69];[141  69];[149  73];[137  71];[152  87];[135  86];[159  90];[134  82];[152  75];[138  70];[150 128];[137 128];[153 165];[137 165];[152 201];[137 200];
[144  74];[146  71];[141  71];[150  73];[137  72];[154  87];[135  86];[162  90];[132  82];[156  73];[138  69];[151 130];[137 130];[151 166];[138 167];[151 202];[136 200];
[144  74];[146  71];[141  71];[150  73];[137  72];[154  87];[135  86];[162  90];[132  82];[156  74];[138  69];[151 130];[137 130];[152 166];[138 167];[151 202];[136 200];
[143  66];[146  63];[141  63];[150  67];[137  67];[153  85];[135  84];[162  91];[134  84];[161  69];[140  71];[150 131];[135 130];[151 171];[136 170];[148 208];[136 205];
[144  68];[146  65];[141  65];[150  68];[137  68];[154  84];[136  84];[160  90];[134  99];[157  76];[128 112];[151 128];[137 128];[152 166];[137 165];[150 201];[137 200];
[144  61];[146  58];[141  58];[150  62];[137  62];[153  79];[135  80];[161  95];[134 105];[162  78];[124 112];[152 125];[138 125];[153 163];[138 161];[153 199];[138 196];
[144  64];[147  61];[142  61];[150  64];[138  63];[154  79];[134  80];[159  99];[132 104];[161  89];[121 103];[151 124];[137 124];[152 163];[137 163];[153 197];[137 198];
[144  64];[147  61];[142  61];[150  64];[138  63];[154  79];[134  80];[159  99];[132 104];[161  89];[121 103];[151 124];[137 124];[152 163];[137 163];[153 197];[137 198];
[143  54];[146  51];[141  51];[149  56];[136  55];[151  75];[131  74];[155 100];[120  72];[160 119];[120  58];[150 115];[136 115];[151 152];[137 156];[156 189];[138 194];
[143  49];[145  47];[140  46];[148  52];[135  51];[150  71];[129  69];[151  90];[118  64];[151 107];[124  46];[150 111];[135 111];[149 150];[137 151];[155 192];[140 194];
[142  48];[145  46];[140  45];[148  51];[134  50];[150  69];[130  68];[152  72];[118  61];[147  54];[125  46];[150 111];[135 112];[151 155];[138 157];[158 194];[141 198];
[142  51];[144  49];[139  49];[148  54];[134  53];[150  70];[130  69];[150  61];[119  58];[144  47];[126  44];[150 113];[135 113];[151 155];[138 157];[155 195];[140 197];
[141  49];[144  47];[139  46];[148  53];[134  51];[149  69];[129  69];[148  59];[119  56];[143  46];[126  41];[150 115];[135 116];[150 156];[138 158];[154 193];[140 197];
[141  49];[144  47];[139  46];[148  53];[134  51];[149  69];[129  69];[148  59];[119  56];[143  46];[126  41];[150 115];[135 116];[150 156];[138 158];[154 193];[140 197];
[141  43];[144  41];[138  40];[147  45];[134  45];[149  65];[129  62];[149  67];[121  50];[144  42];[129  34];[148 104];[135 104];[149 151];[138 151];[151 193];[139 194];
[137  44];[139  41];[134  41];[142  45];[130  45];[143  64];[127  63];[146  86];[132  84];[151 102];[141 101];[143 104];[131 104];[144 142];[133 142];[145 179];[133 181];
[135  52];[138  49];[133  49];[142  53];[130  53];[141  71];[129  71];[147  94];[140  93];[152 114];[148 111];[141 112];[132 112];[143 152];[133 151];[140 191];[134 188];
[136  52];[138  49];[133  49];[142  53];[130  53];[141  71];[129  71];[147  94];[140  93];[152 114];[148 111];[141 112];[131 112];[143 152];[133 151];[140 191];[134 188];
[137  67];[139  64];[135  64];[142  68];[131  68];[146  86];[129  87];[149 103];[126 105];[153 114];[132 119];[143 124];[131 124];[144 157];[133 153];[141 192];[135 182];
[137  67];[139  64];[135  64];[142  68];[131  68];[146  86];[129  87];[149 103];[126 105];[153 114];[132 119];[143 124];[131 124];[144 157];[133 153];[141 192];[135 181];
[140  52];[142  49];[138  49];[145  53];[133  53];[145  72];[131  71];[147  95];[126  92];[149 113];[131 109];[141 110];[131 110];[141 148];[131 144];[140 186];[130 178];
[140  52];[142  49];[138  49];[145  53];[133  53];[145  72];[131  71];[147  95];[126  92];[149 113];[130 109];[141 110];[131 110];[141 148];[131 144];[140 186];[130 178];
[140  61];[142  58];[137  58];[145  62];[133  63];[148  80];[130  80];[151 103];[122 101];[154 122];[125 115];[144 124];[130 123];[145 162];[128 160];[141 198];[125 193];
[138  60];[140  57];[136  57];[144  61];[133  61];[148  78];[130  78];[151  97];[124 100];[156 114];[123 114];[143 121];[130 120];[145 158];[130 151];[142 197];[128 171];
[137  57];[139  54];[135  54];[143  57];[132  58];[148  75];[130  77];[150  93];[123  98];[154 106];[123 112];[142 115];[130 115];[144 154];[129 149];[143 191];[128 178];
[137  57];[139  54];[135  54];[143  57];[132  58];[148  75];[130  77];[150  93];[123  98];[154 106];[123 112];[142 115];[130 115];[144 154];[129 148];[143 190];[128 177];
[136  44];[138  41];[134  41];[142  43];[132  44];[148  59];[129  61];[153  77];[125  80];[153  80];[124  92];[143 100];[130 100];[143 137];[130 135];[143 173];[132 168];
[136  42];[138  39];[134  39];[142  41];[131  42];[148  58];[128  60];[153  76];[123  80];[153  78];[123  91];[144  98];[130  98];[144 137];[129 136];[144 177];[131 171];
[136  42];[138  39];[134  39];[142  41];[131  42];[148  58];[128  60];[153  76];[123  80];[153  78];[123  91];[144  98];[130  98];[144 137];[129 136];[145 176];[131 171];
[137  42];[139  39];[134  39];[142  41];[131  42];[148  57];[128  59];[154  74];[123  78];[154  78];[124  90];[145  97];[130  98];[144 135];[130 135];[145 173];[131 172];
[137  45];[140  42];[135  42];[144  45];[131  45];[148  63];[128  62];[154  82];[124  82];[154  94];[124  92];[145 105];[130 105];[144 147];[131 147];[148 188];[133 186];
[137  49];[140  46];[135  46];[145  49];[131  49];[148  68];[128  68];[155  89];[124  91];[154 104];[123  95];[144 112];[130 112];[143 155];[131 155];[148 195];[135 194];
[137  49];[140  46];[135  46];[145  49];[131  49];[148  68];[128  68];[154  89];[124  91];[154 104];[123  95];[144 112];[130 112];[143 155];[131 155];[148 195];[135 194];
[135  53];[138  50];[133  50];[143  53];[130  53];[148  73];[129  73];[155  96];[124  99];[153 113];[125 101];[143 118];[129 118];[143 162];[131 162];[150 205];[136 203];
[132  58];[135  55];[131  55];[141  59];[128  59];[146  78];[128  80];[150 103];[125 107];[150 118];[127  82];[143 125];[129 126];[144 168];[131 168];[150 210];[137 208];
[129  56];[132  52];[128  53];[138  55];[127  56];[145  74];[128  75];[149  96];[125  99];[146 106];[124 104];[142 124];[128 124];[144 167];[131 167];[150 210];[137 207];
[131  52];[134  49];[129  49];[139  53];[126  54];[144  69];[125  74];[144  83];[122 103];[140  90];[123 100];[141 118];[127 119];[145 165];[130 164];[150 208];[136 204];
[131  52];[134  49];[129  49];[139  53];[126  54];[144  69];[125  74];[144  82];[122 103];[140  90];[123 100];[141 118];[127 119];[145 165];[130 164];[150 208];[136 204];
[129  52];[131  49];[127  49];[136  53];[124  51];[143  67];[123  72];[146  86];[121 101];[137  77];[121  94];[142 118];[127 119];[145 161];[128 162];[150 201];[134 200];
[123  42];[126  39];[121  39];[131  41];[120  43];[141  59];[118  65];[146  76];[117  89];[136  55];[117 100];[142 109];[125 112];[146 151];[125 155];[156 193];[132 198];
[121  40];[124  37];[119  37];[130  40];[119  41];[138  58];[116  64];[146  74];[116  89];[137  58];[115 108];[141 108];[124 110];[146 147];[123 153];[158 187];[129 198];
[122  41];[124  38];[120  38];[130  40];[119  41];[137  57];[116  63];[144  73];[115  89];[135  58];[116 107];[140 106];[123 109];[146 142];[121 152];[160 179];[127 196];
[122  41];[124  38];[120  38];[130  40];[119  41];[137  57];[116  63];[144  73];[115  89];[135  58];[116 107];[140 106];[123 109];[146 142];[121 152];[160 179];[127 196];
[119  43];[121  39];[117  40];[127  41];[116  43];[135  57];[115  61];[143  74];[115  86];[133  61];[113 102];[137 106];[121 109];[149 138];[120 152];[164 176];[124 199];
[184 185];[184 181];[184 181];[185 183];[188 174];[185 174];[183 177];[197 200];[198 197];[227 243];[229 243];[207 245];[203 248];[198 198];[194 199];[227 243];[223 245];
[117  68];[118  65];[116  65];[120  68];[113  65];[127  78];[115  81];[131  80];[126  80];[126  63];[123  62];[135 119];[120 122];[154 145];[112 163];[177 171];[113 213];
[111  65];[113  61];[110  62];[118  63];[111  62];[126  72];[115  75];[133  85];[122  73];[129  96];[118  57];[133 119];[119 123];[151 143];[112 165];[174 166];[113 213];
[111  65];[113  62];[110  62];[118  64];[110  63];[126  72];[115  75];[133  85];[122  73];[129  95];[118  57];[133 119];[119 123];[151 143];[112 165];[174 166];[113 213];
[115  56];[117  53];[113  53];[121  58];[113  57];[127  71];[115  73];[131  76];[115  71];[123  62];[116  60];[133 120];[119 123];[149 146];[113 164];[172 161];[113 214];
[115  48];[117  45];[114  45];[122  49];[116  48];[126  64];[118  65];[133  88];[119  85];[128  98];[112  89];[131 113];[121 114];[138 150];[121 159];[159 154];[117 211];
[117  49];[120  45];[116  46];[124  49];[115  48];[129  63];[116  65];[137  85];[114  84];[140 100];[114  69];[131 111];[120 112];[130 150];[121 158];[153 151];[122 209];
[116  47];[118  43];[116  43];[119  47];[123  46];[126  62];[127  62];[139  84];[138  85];[140 101];[142 100];[126 111];[130 109];[122 155];[142 146];[126 210];[156 180];
[116  47];[118  43];[116  43];[119  47];[123  46];[126  62];[126  62];[139  84];[138  85];[140 102];[141 100];[126 111];[130 109];[122 155];[142 146];[126 210];[156 179];
[119  48];[121  45];[118  45];[122  50];[116  49];[130  64];[117  67];[142  79];[114  76];[150  94];[118  61];[132 110];[124 113];[117 143];[124 161];[146 140];[129 209];
[121  51];[123  47];[120  47];[126  52];[120  50];[133  67];[118  68];[146  84];[116  85];[155  95];[113  80];[131 111];[121 112];[115 145];[117 149];[134 179];[137 182];
[123  50];[126  46];[122  46];[131  51];[119  50];[134  67];[119  69];[145  84];[115  88];[154  97];[111  80];[130 112];[119 110];[123 157];[107 134];[132 207];[134 151];
[121  50];[124  46];[121  46];[126  51];[123  49];[134  66];[123  67];[145  85];[117  87];[153 102];[110  78];[130 108];[124 108];[113 146];[115 137];[129 193];[126 177];
[121  50];[123  46];[121  46];[126  51];[123  49];[134  66];[123  67];[145  85];[117  87];[153 102];[110  78];[130 108];[124 108];[113 146];[115 137];[129 193];[126 177];
[122  50];[124  47];[121  47];[127  51];[122  49];[135  65];[122  67];[145  86];[116  88];[152 103];[108  78];[131 111];[124 112];[109 138];[118 149];[122 173];[125 198];
[124  54];[126  51];[123  51];[130  54];[124  52];[136  69];[125  69];[144  92];[117  88];[147 111];[103  89];[128 116];[120 111];[118 165];[104 133];[123 210];[ 98 177];
[125  56];[127  53];[124  53];[131  56];[126  56];[134  73];[128  73];[134  94];[118  89];[130 113];[102  92];[127 118];[125 119];[100 146];[122 165];[ 89 181];[127 211];
[126  56];[128  53];[124  53];[133  56];[124  56];[138  78];[124  76];[141  99];[113  91];[143 119];[101  97];[131 126];[118 121];[123 171];[ 96 147];[126 216];[ 82 174];
[126  56];[128  53];[124  53];[133  56];[124  56];[138  78];[124  76];[141  99];[113  91];[143 119];[101  97];[131 125];[118 121];[123 171];[ 96 147];[126 216];[ 82 174];
[ 67 112];[ 70 105];[ 64 105];[ 71 110];[ 59 110];[ 58 158];[ 50 157];[ 30 218];[ 29 217];[ 71 159];[ 69 160];[ 49 244];[ 44 243];[ 40 232];[ 34 234];[ 49 225];[ 37 223];
[122  50];[124  47];[121  47];[130  49];[125  50];[139  67];[123  67];[140  90];[118  89];[139 107];[113 103];[135 110];[122 106];[129 155];[ 99 113];[129 199];[ 88 144];
[122  50];[124  47];[121  47];[130  49];[125  49];[138  67];[123  66];[138  90];[118  88];[137 107];[114 100];[133 105];[122 103];[105 108];[ 97 112];[ 92 144];[ 92 146];
[122  49];[124  46];[122  47];[130  49];[127  49];[136  66];[123  65];[138  89];[116  87];[139 105];[114 101];[133 110];[125 110];[105 101];[128 163];[ 94 144];[136 208];
[122  49];[124  46];[122  47];[130  49];[127  49];[136  66];[123  65];[138  89];[116  87];[139 105];[114 101];[133 110];[125 110];[105 101];[128 163];[ 93 144];[136 208];
[123  50];[125  47];[123  48];[130  50];[126  50];[135  66];[124  66];[137  90];[118  90];[137 101];[123 103];[134 111];[126 113];[106  99];[128 164];[ 99 145];[136 206];
[124  52];[126  49];[123  49];[130  51];[125  51];[136  67];[127  68];[142  89];[126  91];[139  99];[127 101];[137 111];[132 112];[107 106];[124 141];[106 148];[128 175];
[125  52];[127  49];[124  49];[132  52];[123  51];[133  69];[126  68];[138  90];[123  68];[139 101];[123  56];[132 111];[132 112];[105 116];[135 142];[108 158];[137 171];
[123  49];[125  47];[122  47];[129  50];[126  50];[133  64];[129  65];[138  84];[123  72];[143 101];[123  57];[132 112];[134 114];[107 123];[136 159];[109 168];[140 203];
[123  49];[125  47];[122  47];[128  50];[126  50];[132  65];[128  65];[138  85];[123  72];[143 102];[125  56];[133 113];[134 115];[107 123];[137 163];[110 169];[141 206];
[122  49];[124  46];[122  46];[129  50];[126  49];[134  66];[127  67];[140  88];[127  91];[145 103];[127 103];[132 115];[134 117];[106 133];[141 168];[108 176];[143 210];
[125  56];[127  53];[123  53];[132  56];[122  55];[134  72];[122  72];[142  92];[124  86];[149 106];[126  74];[138 130];[124 129];[143 171];[110 161];[150 214];[113 208];
[125  57];[128  53];[124  54];[134  58];[122  56];[132  77];[124  76];[143  96];[131  93];[151 106];[139  92];[129 130];[129 130];[115 168];[140 171];[114 213];[150 213];
[123  55];[125  52];[122  52];[130  56];[127  55];[132  74];[127  75];[142  94];[136  97];[151 105];[145 107];[130 127];[131 127];[118 166];[136 169];[113 213];[148 210];
[123  55];[125  52];[122  52];[130  56];[127  55];[132  75];[127  75];[142  94];[136  97];[151 105];[145 106];[130 127];[131 127];[118 166];[136 169];[113 213];[148 210];
[122  54];[123  50];[121  51];[128  53];[126  52];[132  67];[128  68];[143  87];[138  89];[149 102];[145 103];[130 122];[127 121];[122 167];[130 165];[114 212];[143 201];
[121  49];[122  45];[120  46];[126  47];[126  46];[132  59];[129  59];[136  84];[125  72];[139 100];[122  54];[135 115];[128 115];[133 162];[119 158];[129 212];[133 201];
[121  50];[123  46];[121  47];[126  49];[127  47];[133  59];[130  60];[130  70];[126  70];[126  58];[122  55];[137 115];[128 114];[135 160];[116 146];[141 210];[126 180];
[121  52];[122  48];[121  48];[126  50];[127  48];[134  58];[130  60];[137  76];[127  73];[137  89];[122  61];[138 116];[129 113];[137 164];[112 135];[146 212];[121 172];
[121  52];[122  48];[121  48];[126  50];[127  48];[134  58];[130  60];[137  76];[127  72];[137  88];[122  60];[138 116];[129 113];[137 164];[112 135];[146 212];[121 172];
[122  51];[124  48];[122  48];[128  50];[127  49];[134  59];[129  60];[135  81];[124  74];[135 100];[122  58];[137 118];[128 114];[140 169];[112 129];[147 213];[116 168];
[124  48];[126  45];[123  45];[131  48];[123  47];[134  59];[129  61];[130  68];[126  71];[125  57];[123  55];[140 116];[129 111];[143 165];[112 127];[147 212];[112 166];
[124  51];[126  47];[123  47];[131  49];[124  48];[135  59];[130  61];[137  73];[128  74];[133  76];[123  65];[140 114];[130 111];[144 164];[114 134];[148 211];[111 176];
[124  49];[125  46];[123  46];[129  48];[129  46];[133  58];[131  59];[135  73];[129  72];[129  70];[123  60];[139 115];[130 112];[144 161];[114 140];[152 205];[112 181];
[124  49];[125  46];[123  46];[129  48];[129  46];[133  58];[131  59];[135  72];[129  72];[129  69];[123  60];[139 115];[130 112];[144 161];[114 140];[152 205];[112 181];
[125  51];[127  47];[125  47];[132  49];[129  48];[135  60];[131  60];[131  73];[127  73];[126  62];[123  60];[140 116];[129 115];[147 160];[115 151];[157 208];[112 198];
[127  53];[129  50];[127  50];[133  54];[129  54];[137  68];[130  69];[140  95];[133  92];[140 119];[131  94];[138 124];[126 124];[150 166];[117 165];[161 211];[117 214];
[128  54];[130  51];[127  51];[134  54];[128  54];[137  70];[130  70];[140 100];[131  89];[141 124];[127  74];[137 124];[126 124];[146 165];[118 166];[160 208];[117 214];
[128  52];[131  49];[126  49];[136  51];[125  51];[138  65];[129  66];[140  90];[129  84];[139 111];[127  76];[137 119];[126 120];[141 162];[122 165];[156 204];[118 213];
[128  52];[131  49];[126  49];[136  51];[125  51];[138  65];[129  66];[140  90];[130  85];[139 111];[127  77];[137 119];[126 120];[141 162];[122 165];[156 204];[118 213];
[127  51];[129  47];[125  47];[135  49];[126  49];[140  63];[131  64];[143  89];[132  88];[139 108];[128  98];[136 114];[129 115];[133 156];[130 160];[148 197];[123 206];
[127  51];[129  47];[126  47];[135  47];[126  48];[143  62];[132  63];[146  87];[132  80];[143 107];[129  70];[141 106];[135 106];[123 133];[133 143];[135 176];[135 188];
[127  51];[129  48];[125  48];[135  49];[127  48];[143  63];[132  65];[149  88];[135  83];[147 107];[132  80];[139 112];[135 115];[118 122];[136 163];[127 160];[142 211];
[129  55];[131  51];[127  51];[137  52];[126  52];[143  66];[128  69];[149  88];[135  94];[149 106];[144 112];[137 110];[131 113];[117 115];[136 153];[121 153];[140 195];
[128  55];[131  51];[127  51];[137  52];[126  52];[143  66];[128  69];[149  88];[135  94];[149 106];[144 112];[137 110];[131 113];[117 115];[136 153];[121 153];[140 195];
[128  56];[130  52];[126  53];[137  53];[126  53];[145  70];[126  70];[151  92];[127  94];[150 110];[133 112];[140 112];[130 111];[125 133];[126 139];[130 174];[131 184];
[125  49];[128  45];[125  45];[135  47];[130  47];[139  61];[135  63];[143  83];[135  82];[147 100];[129  84];[143 110];[143 111];[118 122];[140 152];[119 170];[146 192];
[126  48];[129  44];[126  44];[134  46];[129  46];[137  58];[136  62];[140  66];[139  78];[133  57];[130  76];[140 106];[143 108];[120 129];[142 151];[120 174];[148 195];
[127  51];[129  47];[126  47];[134  49];[130  48];[138  63];[135  64];[148  85];[144  89];[155 108];[149 109];[140 110];[140 111];[122 138];[143 155];[121 187];[152 206];
[127  51];[129  47];[126  47];[134  49];[130  49];[138  63];[135  64];[148  86];[144  89];[155 108];[149 109];[140 110];[140 111];[122 138];[143 155];[121 187];[152 206];
[128  52];[130  48];[127  49];[134  49];[130  50];[139  65];[133  66];[149  88];[140  91];[156 108];[143 109];[139 112];[136 112];[123 148];[144 157];[122 200];[156 207];
[128  54];[131  51];[126  51];[137  54];[127  54];[141  74];[128  73];[149  97];[127  86];[159 113];[125  71];[137 120];[132 119];[128 162];[144 162];[126 212];[158 205];
[130  54];[132  50];[130  50];[134  54];[131  53];[140  72];[128  71];[150  94];[137  93];[158 111];[150 107];[137 122];[132 121];[131 164];[143 163];[126 211];[158 204];
[130  53];[132  50];[130  50];[133  52];[134  51];[139  68];[131  68];[149  91];[143  93];[154 110];[154 110];[138 121];[129 121];[136 165];[134 164];[129 212];[152 198];
[130  53];[132  50];[130  50];[133  52];[134  51];[139  68];[131  68];[149  91];[143  93];[154 110];[154 110];[138 121];[129 121];[136 166];[134 164];[129 212];[152 198];
[130  53];[132  49];[128  50];[137  53];[128  52];[139  68];[131  70];[147  89];[141  94];[151 108];[146 113];[139 124];[131 124];[138 166];[131 166];[134 212];[143 202];
[127  56];[129  53];[126  53];[136  56];[128  55];[139  71];[133  72];[143  92];[137  88];[135  86];[130  70];[143 122];[133 121];[142 163];[122 153];[148 209];[136 186];
[126  61];[128  57];[126  58];[133  60];[130  59];[140  75];[132  76];[144  98];[137  98];[142 114];[137 113];[144 125];[134 122];[143 166];[120 145];[151 213];[130 177];
[127  63];[128  59];[127  60];[133  63];[130  62];[140  78];[133  79];[145 101];[136  99];[141 114];[132  96];[144 129];[134 126];[144 170];[119 139];[153 215];[125 172];
[126  63];[128  60];[126  60];[133  63];[130  62];[140  78];[133  79];[145 101];[136  99];[141 114];[132  97];[144 129];[134 126];[144 171];[119 139];[153 215];[125 173];
[129  62];[131  60];[129  60];[135  64];[130  62];[139  79];[132  79];[144  98];[135  96];[137 105];[130  96];[144 129];[134 125];[144 170];[118 137];[152 215];[123 169];
[129  61];[132  58];[129  58];[137  62];[129  61];[142  76];[132  77];[146  99];[134 101];[140 111];[130 116];[143 125];[132 123];[143 166];[118 144];[150 209];[122 181];
[130  62];[133  59];[129  59];[139  62];[130  61];[144  79];[131  78];[148 101];[134  99];[142 108];[134 112];[142 124];[130 123];[142 163];[118 152];[147 204];[123 191];
[131  64];[134  61];[131  61];[139  65];[131  64];[144  81];[132  79];[147 102];[133  82];[141 105];[131  68];[143 126];[130 125];[140 164];[119 159];[146 205];[123 200];
[131  64];[134  61];[131  61];[139  65];[131  64];[144  81];[132  79];[147 102];[133  82];[141 105];[131  68];[143 126];[130 125];[140 164];[119 159];[146 205];[123 200];
[131  66];[133  63];[131  63];[138  67];[132  66];[144  86];[132  83];[148 110];[132  92];[139 102];[134  82];[142 133];[130 131];[140 170];[120 166];[144 208];[123 205];
[130  73];[132  70];[131  70];[134  74];[138  73];[145  90];[136  90];[147 110];[142 107];[139  97];[138  97];[142 137];[131 136];[142 174];[124 172];[145 212];[124 211];
[134  73];[136  70];[133  70];[140  75];[134  74];[146  93];[133  92];[140  92];[132  83];[136  75];[132  71];[143 137];[130 136];[143 173];[124 171];[145 209];[123 207];
[133  76];[135  73];[132  73];[139  76];[133  76];[145  91];[134  91];[135  81];[132  81];[133  69];[133  70];[142 135];[130 134];[143 172];[124 170];[144 209];[122 205];
[133  76];[135  73];[132  73];[139  76];[133  76];[145  91];[134  91];[135  81];[132  81];[133  69];[133  70];[142 135];[130 134];[143 172];[124 170];[144 209];[122 205];
[134  78];[136  75];[132  75];[141  78];[133  78];[145  92];[135  92];[134  82];[133  82];[132  70];[132  71];[142 135];[131 134];[142 173];[123 167];[143 209];[121 203];
[135  78];[138  75];[133  75];[142  79];[130  79];[142  96];[134  94];[140 107];[132  83];[142 118];[132  74];[142 139];[132 137];[139 176];[119 162];[144 210];[123 200];
[135  84];[137  82];[134  82];[140  86];[131  85];[141  99];[134  99];[135  91];[135  92];[138  83];[137  82];[143 141];[133 139];[140 179];[119 159];[144 213];[124 193];
[133  83];[136  81];[132  81];[140  86];[130  86];[141 100];[134 101];[135  93];[134 100];[138  84];[135  93];[143 141];[134 139];[139 178];[119 156];[144 213];[127 190];
[133  83];[136  81];[132  81];[140  86];[130  86];[141 100];[134 101];[135  93];[134 101];[138  84];[135  96];[143 141];[134 139];[139 178];[119 156];[144 213];[127 190];
[134  84];[137  82];[133  81];[140  87];[130  86];[141 100];[134 101];[135  90];[134  97];[137  83];[135  90];[142 141];[133 139];[140 178];[120 157];[144 213];[127 191];
[135  88];[138  85];[134  85];[142  88];[131  88];[142 100];[135  99];[133  92];[131  88];[129  80];[130  76];[141 140];[132 139];[140 175];[124 167];[143 209];[131 196];
[132  88];[134  85];[131  85];[139  89];[131  88];[143 102];[133 101];[141 111];[131  93];[135 101];[129  78];[142 142];[131 141];[140 175];[125 171];[143 208];[130 201];
[135  90];[137  88];[134  88];[139  91];[132  91];[144 105];[133 105];[144 124];[133 112];[136 119];[132  98];[142 143];[132 143];[139 177];[128 176];[142 209];[133 205];
[135  90];[137  88];[134  88];[139  91];[132  91];[144 105];[133 105];[144 124];[133 112];[136 119];[132  98];[142 143];[132 143];[139 177];[128 176];[141 209];[133 205];
[133  95];[135  92];[132  92];[138  95];[133  95];[142 110];[134 109];[143 128];[135 120];[137 116];[133 104];[140 148];[132 148];[139 181];[131 180];[141 213];[135 211];
[136 109];[138 107];[135 107];[140 108];[133 108];[142 119];[135 120];[138 120];[134 122];[136 113];[134 122];[142 149];[135 148];[140 178];[131 177];[141 208];[132 206];
[136 111];[138 109];[136 109];[142 112];[135 110];[143 122];[136 121];[138 119];[135 117];[138 107];[136 108];[143 154];[135 152];[140 181];[128 174];[142 206];[134 198];
[134 108];[137 105];[133 105];[142 109];[133 109];[142 120];[136 121];[137 110];[132 117];[137 102];[134 106];[143 154];[136 153];[142 184];[127 174];[144 210];[136 200];
[134 108];[137 105];[133 105];[142 109];[133 109];[142 120];[136 121];[137 110];[132 117];[137 102];[134 106];[144 154];[136 153];[142 184];[127 174];[144 210];[136 200];
[135 111];[137 108];[134 108];[141 111];[134 112];[142 122];[136 122];[137 113];[135 114];[138 102];[137 104];[143 156];[136 154];[142 185];[128 177];[144 212];[138 201];
[136 112];[138 109];[136 109];[142 112];[135 112];[143 123];[136 122];[138 115];[135 115];[139 106];[137 107];[143 155];[136 154];[141 183];[132 180];[144 209];[137 204];
[139 127];[141 125];[139 125];[144 127];[140 127];[145 138];[143 138];[140 149];[139 149];[133 152];[133 153];[149 166];[146 166];[148 190];[140 188];[156 210];[138 209];
[139 127];[141 125];[139 125];[144 127];[140 127];[145 138];[143 138];[140 149];[139 149];[133 152];[133 153];[149 166];[146 166];[148 190];[140 188];[156 210];[138 209];
[139 129];[141 126];[139 126];[144 128];[140 129];[145 140];[143 140];[139 149];[138 151];[130 151];[131 152];[151 168];[147 168];[152 191];[139 189];[158 212];[137 209];
[140 129];[142 127];[140 127];[144 129];[140 130];[145 140];[143 140];[138 150];[138 150];[129 151];[129 151];[152 167];[147 167];[152 190];[139 186];[157 211];[138 207];
[140 127];[141 125];[140 125];[145 127];[141 127];[144 137];[144 137];[138 147];[138 148];[129 150];[129 151];[149 166];[150 166];[142 188];[147 189];[145 210];[151 211];
[139 126];[141 124];[139 124];[144 125];[140 126];[144 135];[143 136];[139 147];[137 147];[129 150];[129 150];[149 166];[146 166];[148 189];[141 188];[153 210];[143 209];
[139 126];[141 124];[139 124];[144 125];[140 126];[144 135];[143 135];[139 147];[137 147];[129 150];[129 150];[149 166];[146 166];[148 189];[141 188];[153 210];[143 209];
[140 124];[141 122];[140 122];[144 124];[142 124];[144 134];[145 134];[138 146];[137 146];[130 150];[130 150];[147 166];[148 165];[144 190];[146 190];[149 211];[150 211];
[141 122];[142 120];[140 120];[144 121];[140 122];[144 133];[143 133];[140 146];[137 145];[132 153];[131 152];[145 162];[145 162];[142 186];[143 187];[149 209];[147 210];
[141 121];[143 118];[140 118];[145 120];[140 120];[144 131];[142 132];[141 145];[137 144];[134 154];[131 152];[145 160];[144 160];[140 184];[143 186];[149 206];[146 208];
[141 121];[143 118];[140 118];[145 120];[140 120];[144 131];[142 132];[141 145];[137 144];[134 154];[131 152];[145 160];[144 160];[140 184];[143 186];[149 206];[146 208];
[137 115];[139 112];[137 112];[142 114];[140 115];[142 126];[145 127];[140 143];[143 144];[134 157];[137 157];[142 155];[147 156];[130 172];[143 183];[134 194];[144 207];
[137 115];[139 112];[137 112];[142 114];[140 115];[142 126];[145 127];[140 143];[143 144];[134 157];[138 157];[142 155];[147 156];[129 172];[143 183];[134 194];[144 207];
[137 115];[139 113];[137 113];[142 115];[140 115];[141 126];[144 127];[140 142];[142 142];[135 153];[137 153];[143 156];[147 157];[127 168];[143 184];[132 189];[145 208];
[137 115];[139 113];[137 113];[141 115];[140 115];[141 126];[144 126];[140 140];[141 140];[135 151];[136 150];[142 155];[145 156];[129 169];[142 178];[133 190];[144 202];
[139 113];[141 111];[138 111];[143 113];[137 114];[143 124];[141 124];[141 139];[140 135];[136 150];[137 134];[144 156];[142 155];[139 179];[133 171];[142 201];[137 194];
[138 114];[139 112];[137 112];[142 113];[138 114];[143 124];[141 124];[143 130];[143 129];[140 118];[140 118];[143 156];[141 155];[139 180];[133 175];[141 202];[137 197];
[138 114];[139 112];[137 112];[142 113];[138 114];[143 124];[141 124];[143 130];[143 128];[140 118];[140 118];[143 156];[140 155];[139 180];[132 175];[142 202];[136 197];
[137 116];[139 115];[137 115];[142 117];[138 115];[144 126];[140 126];[143 127];[141 126];[140 117];[139 116];[145 157];[139 156];[143 182];[131 177];[143 204];[136 199];
[137 105];[139 103];[136 103];[142 105];[137 106];[141 118];[141 117];[143 131];[135 115];[146 140];[136 107];[141 151];[144 151];[134 178];[144 182];[132 203];[148 210];
[137 106];[139 103];[136 104];[142 105];[137 106];[142 117];[141 118];[139 116];[135 116];[138 108];[135 109];[142 151];[145 151];[132 176];[144 181];[131 202];[149 208];
[137 106];[139 103];[136 104];[142 105];[137 106];[142 117];[141 118];[139 116];[134 116];[138 108];[135 109];[142 151];[145 151];[132 176];[144 181];[131 202];[149 208];
[136 105];[139 103];[136 103];[142 105];[134 105];[142 117];[138 117];[145 132];[134 116];[146 140];[135 107];[144 152];[140 152];[141 181];[134 178];[146 207];[134 203];
[134 100];[136  97];[134  97];[140  99];[134 100];[141 111];[138 110];[143 125];[137 111];[144 136];[136 104];[144 147];[141 147];[141 177];[132 172];[144 204];[134 201];
[133  98];[135  95];[133  95];[139  97];[137  98];[139 109];[142 109];[142 124];[138 109];[144 136];[135 100];[141 146];[147 146];[130 169];[146 177];[134 199];[151 205];
[133  96];[135  94];[133  94];[138  96];[137  96];[138 108];[142 109];[143 127];[145 129];[142 138];[142 138];[141 145];[147 146];[130 170];[147 179];[134 202];[153 208];
[133  96];[135  94];[133  94];[138  96];[137  96];[138 108];[142 109];[143 127];[145 129];[142 137];[142 138];[141 145];[147 146];[130 170];[147 179];[134 202];[153 209];
[133  96];[135  94];[133  94];[139  96];[137  96];[139 107];[142 108];[143 123];[142 119];[144 129];[136 108];[141 146];[147 146];[130 171];[147 179];[134 201];[154 207];
[135  97];[137  95];[134  95];[139  98];[135  97];[140 110];[139 110];[142 118];[135 111];[142 115];[135 100];[140 150];[142 150];[133 182];[145 183];[136 213];[154 213];
[135  97];[137  94];[135  94];[139  98];[137  96];[141 108];[140 109];[139 112];[134 111];[139  99];[135  99];[141 148];[142 148];[135 181];[143 181];[136 214];[153 211];
[134  93];[136  89];[133  90];[140  92];[133  91];[143 102];[137 103];[147 116];[137 113];[148 120];[136 101];[142 144];[137 144];[138 180];[139 180];[136 213];[150 209];
[134  92];[136  89];[133  89];[140  92];[133  91];[143 102];[137 103];[147 116];[137 113];[148 120];[136 102];[142 144];[137 144];[138 181];[139 180];[136 214];[150 209];
[135  86];[138  82];[134  83];[142  85];[133  85];[145  97];[137  98];[151 113];[139 103];[156 124];[138  92];[146 136];[137 136];[145 173];[130 169];[147 213];[146 198];
[137  82];[139  80];[135  80];[143  84];[132  85];[146  98];[135  98];[154 113];[137  93];[160 127];[137  86];[147 138];[136 137];[147 176];[127 162];[148 214];[140 191];
[139  81];[141  79];[137  79];[144  82];[133  84];[148  98];[134  98];[156 115];[135  95];[161 129];[136  88];[146 138];[134 137];[147 174];[129 157];[149 211];[137 183];
[139  81];[141  79];[137  79];[144  82];[133  84];[148  98];[134  98];[156 115];[135  95];[161 129];[136  88];[146 138];[134 137];[147 174];[129 157];[149 211];[137 184];
[140  80];[142  77];[137  78];[146  81];[134  82];[150  98];[132 100];[156 116];[129 123];[161 130];[126 145];[146 138];[134 137];[147 175];[133 153];[149 211];[136 179];
[141  74];[143  72];[138  72];[146  75];[135  76];[150  92];[132  93];[155 112];[126 114];[158 129];[121 132];[146 129];[134 129];[147 162];[136 161];[149 196];[138 190];
[141  71];[143  69];[139  69];[145  73];[136  72];[148  89];[132  89];[153 110];[126 109];[157 129];[120 126];[146 125];[136 126];[144 156];[140 157];[144 190];[142 190];
[141  70];[143  68];[138  68];[146  71];[136  71];[147  86];[132  87];[147  93];[125 106];[146  85];[119 122];[148 126];[138 127];[146 161];[142 160];[143 197];[141 197];
[141  70];[143  68];[138  68];[146  71];[136  71];[147  86];[132  87];[147  93];[125 106];[146  85];[119 122];[148 126];[138 127];[146 161];[142 160];[143 197];[141 197];
[140  69];[142  66];[138  66];[145  70];[135  70];[147  86];[132  87];[148 103];[124 107];[152 113];[118 119];[149 126];[139 127];[149 161];[144 158];[145 197];[143 197];
[142  69];[144  67];[139  67];[146  70];[135  71];[146  87];[131  88];[152  90];[119 104];[147  80];[131  84];[149 134];[139 135];[146 174];[145 173];[139 210];[144 213];
[141  68];[144  66];[139  66];[146  70];[135  70];[146  86];[132  86];[150  92];[122  97];[148  81];[133  81];[148 133];[138 133];[148 171];[145 171];[142 208];[143 211];
[142  66];[144  63];[139  63];[146  67];[135  67];[146  84];[131  83];[150  92];[127  88];[146  76];[136  75];[146 130];[136 130];[149 168];[144 168];[142 204];[141 206];
[141  66];[144  63];[139  63];[146  67];[135  67];[146  84];[131  83];[150  91];[127  88];[146  76];[136  75];[146 130];[136 130];[149 168];[144 168];[142 204];[141 206];
[141  62];[143  60];[140  60];[144  65];[135  64];[144  81];[134  80];[148  91];[137  85];[145  73];[138  70];[144 126];[135 126];[153 166];[140 166];[142 204];[139 207];
[142  64];[143  62];[140  62];[143  68];[136  68];[140  81];[135  79];[142  70];[138  69];[145  61];[140  61];[142 124];[132 126];[158 145];[136 162];[149 183];[129 208];
[142  59];[142  58];[139  58];[141  64];[136  64];[139  77];[137  75];[144  63];[147  61];[148  57];[149  58];[143 122];[133 124];[161 136];[134 167];[153 169];[126 212];
[140  63];[140  61];[137  61];[140  65];[134  66];[138  78];[137  76];[145  63];[153  63];[151  56];[156  60];[142 122];[132 125];[160 132];[131 170];[153 169];[124 214];
[140  63];[140  61];[137  61];[140  65];[134  66];[138  78];[137  76];[145  63];[153  63];[151  56];[156  60];[142 122];[132 125];[160 132];[131 170];[153 169];[124 214];
[138  62];[138  61];[136  61];[136  66];[132  66];[136  78];[136  76];[147  67];[154  67];[155  62];[159  62];[141 122];[131 125];[161 130];[130 170];[154 167];[123 215];
[140  54];[141  51];[137  51];[142  56];[134  56];[138  70];[137  70];[154  75];[159  74];[162  72];[167  71];[138 117];[128 121];[157 132];[126 167];[151 174];[121 214];
[139  53];[141  50];[137  50];[144  55];[133  54];[142  69];[136  70];[159  78];[159  78];[169  74];[171  75];[139 116];[127 119];[155 140];[124 164];[150 182];[119 210];
[139  52];[140  50];[136  50];[143  54];[132  54];[141  70];[137  69];[154  83];[156  78];[165  82];[167  79];[138 118];[127 118];[152 146];[121 162];[148 191];[115 210];
[139  52];[140  50];[136  50];[143  54];[132  54];[141  70];[137  69];[154  83];[156  78];[165  82];[167  79];[138 118];[127 118];[152 146];[121 162];[148 191];[115 210];
[138  53];[140  51];[135  51];[143  55];[131  56];[144  72];[133  71];[158  83];[149  73];[162  83];[151  67];[140 120];[126 119];[148 157];[120 158];[148 201];[110 205];
[139  54];[141  52];[136  52];[143  58];[131  58];[146  76];[129  73];[145  84];[126  65];[147  79];[132  55];[142 125];[126 123];[146 167];[118 162];[143 215];[109 209];
[139  51];[141  49];[136  49];[143  53];[133  52];[142  69];[132  67];[140  91];[135  86];[145  84];[142  85];[140 122];[128 120];[144 165];[123 160];[143 214];[110 207];
[140  50];[141  46];[137  46];[143  49];[132  49];[136  65];[132  63];[137  85];[137  82];[145  75];[144  75];[138 117];[131 116];[140 164];[127 158];[142 210];[112 201];
[140  50];[141  46];[137  46];[144  49];[132  49];[136  65];[132  63];[137  85];[137  82];[145  75];[144  75];[138 117];[131 116];[140 164];[127 158];[142 210];[112 201];
[139  47];[142  43];[136  44];[143  47];[132  46];[137  64];[131  60];[139  89];[134  79];[144 101];[143  75];[137 112];[130 110];[139 158];[135 151];[139 206];[119 192];
[141  45];[142  42];[138  42];[144  46];[132  45];[142  60];[127  60];[143  72];[128  83];[140  55];[144  82];[138 106];[127 105];[143 137];[145 129];[137 175];[135 169];
[140  47];[141  44];[137  44];[142  47];[132  47];[142  61];[126  62];[142  77];[126  85];[140  59];[141  83];[138 106];[128 106];[138 138];[149 120];[135 180];[139 158];
[139  51];[141  48];[136  48];[142  50];[131  50];[140  64];[125  66];[142  83];[125  89];[144  65];[139  81];[138 109];[127 108];[138 151];[151 113];[135 190];[144 150];
[139  51];[141  48];[136  48];[142  50];[130  50];[140  65];[125  66];[142  83];[125  89];[144  65];[139  81];[138 109];[127 108];[138 150];[151 113];[135 189];[144 149];
[138  47];[140  45];[136  45];[137  50];[129  48];[144  63];[125  66];[146  82];[124  84];[141  65];[131  64];[138 116];[127 114];[134 163];[150 117];[131 210];[147 156];
[137  45];[139  42];[135  42];[142  46];[130  45];[143  65];[124  65];[143  89];[123  91];[149 105];[134 107];[140 112];[128 112];[139 149];[149 128];[135 191];[147 168];
[137  45];[139  42];[134  42];[141  47];[130  46];[140  66];[126  67];[141  92];[124  93];[149 110];[131 112];[137 115];[131 114];[130 162];[147 137];[124 210];[146 178];
[137  46];[139  43];[134  43];[140  46];[130  47];[138  67];[126  67];[142  94];[121  94];[148 117];[129 117];[136 117];[131 116];[129 161];[149 150];[122 208];[149 196];
[137  46];[139  43];[134  43];[140  46];[130  47];[138  67];[126  67];[142  94];[121  94];[148 117];[129 117];[136 117];[131 116];[129 161];[149 150];[122 208];[149 196];
[138  49];[139  46];[135  46];[138  48];[130  49];[136  69];[127  69];[139  98];[121  98];[146 121];[134 122];[135 121];[132 121];[127 164];[147 160];[117 211];[150 210];
[136  51];[138  48];[133  48];[139  53];[128  52];[138  74];[125  74];[135 103];[120 101];[142 124];[134 110];[136 123];[130 123];[127 168];[146 167];[117 215];[148 217];
[137  50];[138  47];[133  47];[138  52];[127  50];[136  73];[124  69];[136 100];[121  79];[142 113];[129  62];[135 122];[130 121];[129 166];[144 164];[117 213];[148 214];
[138  48];[139  45];[135  44];[139  48];[129  47];[134  66];[125  65];[132  91];[124  87];[138 102];[139  90];[135 118];[129 118];[134 163];[140 162];[118 208];[147 212];
[138  47];[139  45];[135  44];[139  48];[129  47];[134  66];[125  65];[132  91];[124  87];[138 102];[139  90];[135 118];[129 118];[134 163];[140 162];[118 208];[147 212];
[138  46];[139  42];[135  43];[139  47];[129  45];[134  65];[125  62];[133  92];[123  80];[139 110];[132  83];[136 119];[129 119];[138 162];[139 161];[124 203];[139 208];
[138  48];[138  45];[135  45];[135  51];[129  50];[132  66];[128  65];[131  71];[129  68];[135  53];[133  54];[135 119];[126 120];[149 151];[133 159];[140 186];[124 208];
[136  49];[137  46];[133  46];[136  50];[129  49];[132  64];[129  66];[130  90];[127  93];[137 107];[128 116];[134 119];[127 122];[149 144];[129 167];[141 184];[122 215];
[138  50];[138  46];[136  47];[133  51];[132  50];[130  64];[131  65];[131  90];[129  89];[136 107];[126 108];[133 118];[127 121];[149 140];[129 168];[141 181];[121 216];
[138  50];[138  46];[136  47];[133  51];[132  50];[130  64];[131  65];[131  90];[129  89];[135 107];[126 108];[133 118];[127 121];[149 140];[129 168];[141 181];[121 216];
[133  49];[134  47];[131  46];[135  52];[127  50];[135  65];[125  65];[137  68];[125  68];[137  55];[130  57];[136 117];[124 120];[150 140];[130 165];[139 175];[124 215];
[134  48];[135  44];[131  44];[136  48];[127  47];[133  65];[125  65];[132  90];[127  88];[137 107];[134 102];[132 115];[125 116];[142 153];[140 154];[129 193];[130 199];
[133  46];[135  43];[130  43];[136  47];[126  47];[133  65];[124  63];[133  90];[123  68];[138 106];[128  51];[132 115];[126 115];[140 155];[139 155];[123 190];[136 202];
[133  46];[135  43];[130  43];[136  47];[126  47];[133  65];[124  63];[133  90];[123  69];[137 107];[128  51];[132 115];[126 115];[140 155];[139 155];[123 190];[136 202];
[135  48];[136  45];[133  45];[134  47];[129  46];[133  63];[123  61];[133  88];[122  86];[139 107];[134 107];[131 115];[127 115];[131 159];[145 153];[117 201];[148 200];
[135  51];[135  48];[133  48];[131  49];[129  49];[130  67];[121  66];[134  93];[123  91];[138 105];[132  89];[130 120];[127 120];[124 165];[146 158];[111 210];[156 204];
[133  51];[135  48];[130  48];[134  52];[125  51];[131  69];[121  71];[132  94];[121  98];[137 108];[130  87];[128 121];[125 122];[122 167];[142 157];[111 210];[153 194];
[133  49];[134  46];[130  46];[135  50];[125  49];[131  69];[122  69];[131  93];[120  94];[136 104];[133 106];[129 120];[126 120];[126 165];[145 157];[111 210];[155 201];
[133  49];[134  46];[130  46];[135  50];[125  49];[131  69];[122  69];[131  93];[120  94];[136 104];[133 107];[129 120];[126 120];[126 165];[145 157];[111 210];[155 201];
[134  48];[135  45];[132  45];[134  48];[127  47];[127  65];[126  64];[129  91];[126  87];[137 106];[133 107];[128 117];[129 118];[133 161];[143 160];[115 203];[148 209];
[136  49];[136  45];[134  46];[131  48];[129  48];[123  64];[127  63];[126  89];[127  87];[133 108];[129 109];[127 117];[129 117];[139 159];[140 159];[123 198];[137 207];
[135  51];[135  47];[132  47];[133  51];[128  50];[127  65];[127  66];[127  93];[125  96];[137 107];[125 120];[132 121];[128 123];[145 155];[137 164];[130 198];[130 215];
[135  50];[136  46];[132  47];[133  51];[128  50];[128  66];[129  66];[129  90];[127  76];[137  97];[128  58];[131 124];[131 125];[139 159];[142 161];[132 207];[130 212];
[135  50];[136  47];[132  47];[133  51];[128  50];[128  66];[129  66];[129  88];[127  75];[136  92];[128  58];[131 124];[131 125];[139 159];[142 161];[132 207];[130 213];
[133  48];[134  45];[130  45];[135  50];[127  48];[132  65];[127  65];[129  84];[126  78];[133  76];[129  61];[134 119];[128 120];[144 152];[141 158];[131 198];[131 213];
[134  48];[135  44];[132  44];[134  49];[128  48];[130  66];[126  65];[131  91];[126  77];[139 103];[131  58];[133 118];[128 118];[144 154];[140 157];[126 184];[133 209];
[134  45];[135  42];[131  42];[135  44];[127  44];[132  61];[125  60];[132  88];[122  84];[138 109];[130 107];[133 113];[128 113];[143 153];[143 156];[123 186];[145 206];
[136  46];[137  43];[133  43];[133  45];[128  45];[130  62];[124  61];[131  86];[123  84];[139 103];[133 104];[130 116];[130 116];[130 160];[146 155];[113 199];[151 201];
[136  46];[137  43];[133  43];[133  45];[128  45];[130  62];[124  61];[131  85];[123  84];[139 101];[133 104];[130 116];[130 116];[130 160];[146 155];[113 199];[151 201];
[136  49];[136  45];[134  45];[130  47];[130  47];[128  65];[125  64];[129  91];[121  88];[139 106];[134 103];[127 119];[129 119];[124 164];[146 156];[106 208];[157 199];
[134  51];[136  48];[132  48];[136  52];[126  50];[132  69];[122  69];[132  97];[118  92];[138 111];[127  72];[128 123];[127 122];[117 169];[145 159];[103 212];[157 196];
